# rodscan: ['L', 'H', 'K', 0, 'F', 'Ferr', 'BL', 'dL']
# Escan: ['E', 'H', 'K', 'L', 'F', 'Ferr', 'BL', 'dL']
1.50000000  2.00  0.00  0.00 0.02785135 0.00061357 2.00000000 2.00000000
1.62000000  2.00  0.00  0.00 0.02987799 0.00062213 2.00000000 2.00000000
1.74000000  2.00  0.00  0.00 0.04581159 0.00091723 2.00000000 2.00000000
1.78000000  2.00  0.00  0.00 0.05654911 0.00124846 2.00000000 2.00000000
1.82000000  2.00  0.00  0.00 0.07532434 0.00157417 2.00000000 2.00000000
1.86000000  2.00  0.00  0.00 0.10347532 0.00209543 2.00000000 2.00000000
1.90000000  2.00  0.00  0.00 0.15410412 0.00300871 2.00000000 2.00000000
1.94000000  2.00  0.00  0.00 0.26236194 0.00484774 2.00000000 2.00000000
1.98000000  2.00  0.00  0.00 0.71457791 0.01164561 2.00000000 2.00000000
2.02000000  2.00  0.00  0.00 1.68359341 0.02623269 2.00000000 2.00000000
2.06000000  2.00  0.00  0.00 0.42665482 0.00734530 2.00000000 2.00000000
2.10000000  2.00  0.00  0.00 0.26279168 0.00490842 2.00000000 2.00000000
2.14000000  2.00  0.00  0.00 0.19696317 0.00393547 2.00000000 2.00000000
2.18000000  2.00  0.00  0.00 0.16340915 0.00347183 2.00000000 2.00000000
2.22000000  2.00  0.00  0.00 0.14750909 0.00304184 2.00000000 2.00000000
2.26000000  2.00  0.00  0.00 0.12815730 0.00265035 2.00000000 2.00000000
2.34000000  2.00  0.00  0.00 0.11483713 0.00238512 2.00000000 2.00000000
2.46000000  2.00  0.00  0.00 0.10894543 0.00212577 2.00000000 2.00000000
2.58000000  2.00  0.00  0.00 0.10698991 0.00213201 2.00000000 2.00000000
2.70000000  2.00  0.00  0.00 0.10715909 0.00212062 2.00000000 2.00000000
2.82000000  2.00  0.00  0.00 0.10648571 0.00226135 2.00000000 2.00000000
2.94000000  2.00  0.00  0.00 0.11792221 0.00256658 2.00000000 2.00000000
3.06000000  2.00  0.00  0.00 0.12307613 0.00281312 2.00000000 2.00000000
0.61100000  1.00  0.00  0.00 0.01142287 0.00029772 3.00000000 6.00000000
0.73100000  1.00  0.00  0.00 0.01165262 0.00028732 3.00000000 6.00000000
0.85100000  1.00  0.00  0.00 0.01317088 0.00033692 3.00000000 6.00000000
0.97100000  1.00  0.00  0.00 0.01338704 0.00036817 3.00000000 6.00000000
1.09100000  1.00  0.00  0.00 0.01616560 0.00047587 3.00000000 6.00000000
1.21100000  1.00  0.00  0.00 0.01596132 0.00044325 3.00000000 6.00000000
1.33100000  1.00  0.00  0.00 0.01703922 0.00045384 3.00000000 6.00000000
1.45100000  1.00  0.00  0.00 0.01902816 0.00050370 3.00000000 6.00000000
1.57100000  1.00  0.00  0.00 0.02076441 0.00052236 3.00000000 6.00000000
1.69100000  1.00  0.00  0.00 0.02309127 0.00062356 3.00000000 6.00000000
1.81100000  1.00  0.00  0.00 0.02587529 0.00063061 3.00000000 6.00000000
1.93100000  1.00  0.00  0.00 0.03452898 0.00076172 3.00000000 6.00000000
2.05100000  1.00  0.00  0.00 0.04535925 0.00096761 3.00000000 6.00000000
2.17100000  1.00  0.00  0.00 0.06119151 0.00130457 3.00000000 6.00000000
2.29100000  1.00  0.00  0.00 0.07621728 0.00168603 3.00000000 6.00000000
2.41100000  1.00  0.00  0.00 0.09302502 0.00222131 3.00000000 6.00000000
2.50000000  1.00  0.00  0.00 0.10478903 0.00242673 3.00000000 6.00000000
2.62000000  1.00  0.00  0.00 0.12986465 0.00282763 3.00000000 6.00000000
2.74000000  1.00  0.00  0.00 0.18045195 0.00368669 3.00000000 6.00000000
2.78000000  1.00  0.00  0.00 0.20956755 0.00432559 3.00000000 6.00000000
2.82000000  1.00  0.00  0.00 0.24865187 0.00492142 3.00000000 6.00000000
2.86000000  1.00  0.00  0.00 0.30874203 0.00582224 3.00000000 6.00000000
2.90000000  1.00  0.00  0.00 0.41651316 0.00743356 3.00000000 6.00000000
2.94000000  1.00  0.00  0.00 0.65121728 0.01096270 3.00000000 6.00000000
2.98000000  1.00  0.00  0.00 1.55733783 0.02465934 3.00000000 6.00000000
3.02000000  1.00  0.00  0.00 3.31820808 0.05327777 3.00000000 2.00000000
3.06000000  1.00  0.00  0.00 0.77459191 0.01285928 3.00000000 2.00000000
3.10000000  1.00  0.00  0.00 0.42728610 0.00766953 3.00000000 2.00000000
3.14000000  1.00  0.00  0.00 0.28226864 0.00551745 3.00000000 2.00000000
3.18000000  1.00  0.00  0.00 0.21224015 0.00419438 3.00000000 2.00000000
3.22000000  1.00  0.00  0.00 0.16347900 0.00325144 3.00000000 2.00000000
3.26000000  1.00  0.00  0.00 0.13517264 0.00280067 3.00000000 2.00000000
3.34000000  1.00  0.00  0.00 0.08869831 0.00180601 3.00000000 2.00000000
3.46000000  1.00  0.00  0.00 0.05417301 0.00113253 3.00000000 2.00000000
3.58000000  1.00  0.00  0.00 0.03244203 0.00076671 3.00000000 2.00000000
3.70000000  1.00  0.00  0.00 0.02694574 0.00071779 3.00000000 2.00000000
3.82000000  1.00  0.00  0.00 0.02365354 0.00064503 3.00000000 2.00000000
3.94000000  1.00  0.00  0.00 0.02026507 0.00059763 3.00000000 2.00000000
4.06000000  1.00  0.00  0.00 0.02046918 0.00063114 3.00000000 2.00000000
4.18000000  1.00  0.00  0.00 0.02481331 0.00076435 3.00000000 2.00000000
4.30000000  1.00  0.00  0.00 0.02339847 0.00071365 3.00000000 2.00000000
4.42000000  1.00  0.00  0.00 0.02743767 0.00079690 3.00000000 2.00000000
4.54000000  1.00  0.00  0.00 0.02901462 0.00129212 3.00000000 2.00000000
4.66000000  1.00  0.00  0.00 0.02941128 0.00074838 3.00000000 2.00000000
4.74000000  1.00  0.00  0.00 0.03061009 0.00077995 3.00000000 2.00000000
4.78000000  1.00  0.00  0.00 0.03505157 0.00084134 3.00000000 2.00000000
0.61100000  2.00  0.00  0.00 0.14043127 0.00251130 2.00000000 2.00000000
0.73100000  2.00  0.00  0.00 0.11623846 0.00205615 2.00000000 2.00000000
0.85100000  2.00  0.00  0.00 0.09631630 0.00180448 2.00000000 2.00000000
0.97100000  2.00  0.00  0.00 0.07896841 0.00142875 2.00000000 2.00000000
1.09100000  2.00  0.00  0.00 0.06724205 0.00122466 2.00000000 2.00000000
1.21100000  2.00  0.00  0.00 0.05575072 0.00101302 2.00000000 2.00000000
1.33100000  2.00  0.00  0.00 0.04420757 0.00086986 2.00000000 2.00000000
1.45100000  2.00  0.00  0.00 0.02684187 0.00058037 2.00000000 2.00000000
1.57100000  2.00  0.00  0.00 0.02226449 0.00051229 2.00000000 2.00000000
1.69100000  2.00  0.00  0.00 0.03592252 0.00072537 2.00000000 2.00000000
1.73100000  2.00  0.00  0.00 0.04273070 0.00093941 2.00000000 2.00000000
1.77100000  2.00  0.00  0.00 0.05301695 0.00111396 2.00000000 2.00000000
1.81100000  2.00  0.00  0.00 0.06701279 0.00142327 2.00000000 2.00000000
1.85100000  2.00  0.00  0.00 0.09433178 0.00191617 2.00000000 2.00000000
1.89100000  2.00  0.00  0.00 0.13825348 0.00272685 2.00000000 2.00000000
1.93100000  2.00  0.00  0.00 0.22611706 0.00424658 2.00000000 2.00000000
1.97100000  2.00  0.00  0.00 0.51861643 0.00869664 2.00000000 2.00000000
2.01100000  2.00  0.00  0.00 6.43944919 0.10377626 2.00000000 2.00000000
2.05100000  2.00  0.00  0.00 0.50910540 0.00857765 2.00000000 2.00000000
2.09100000  2.00  0.00  0.00 0.28918037 0.00529606 2.00000000 2.00000000
2.13100000  2.00  0.00  0.00 0.21162822 0.00415934 2.00000000 2.00000000
2.17100000  2.00  0.00  0.00 0.17131777 0.00356455 2.00000000 2.00000000
2.21100000  2.00  0.00  0.00 0.15179882 0.00316588 2.00000000 2.00000000
2.25100000  2.00  0.00  0.00 0.13746496 0.00283341 2.00000000 2.00000000
2.29100000  2.00  0.00  0.00 0.12694243 0.00260211 2.00000000 2.00000000
2.41100000  2.00  0.00  0.00 0.11259907 0.00219350 2.00000000 2.00000000
2.53100000  2.00  0.00  0.00 0.10437336 0.00211567 2.00000000 2.00000000
2.65100000  2.00  0.00  0.00 0.10709811 0.00212502 2.00000000 2.00000000
2.77100000  2.00  0.00  0.00 0.11251417 0.00231116 2.00000000 2.00000000
2.89100000  2.00  0.00  0.00 0.11585036 0.00246688 2.00000000 2.00000000
3.01100000  2.00  0.00  0.00 0.12202767 0.00267096 2.00000000 2.00000000
3.13100000  2.00  0.00  0.00 0.13155496 0.00293031 2.00000000 2.00000000
3.25100000  2.00  0.00  0.00 0.13992141 0.00314902 2.00000000 2.00000000
3.37100000  2.00  0.00  0.00 0.16753938 0.00350746 2.00000000 2.00000000
3.49100000  2.00  0.00  0.00 0.19521807 0.00398697 2.00000000 2.00000000
3.61100000  2.00  0.00  0.00 0.25064459 0.00490045 2.00000000 2.00000000
3.73100000  2.00  0.00  0.00 0.34959992 0.00654392 2.00000000 2.00000000
3.77100000  2.00  0.00  0.00 0.39601982 0.00741876 2.00000000 2.00000000
3.81100000  2.00  0.00  0.00 0.47596957 0.00861927 2.00000000 2.00000000
3.85100000  2.00  0.00  0.00 0.59268756 0.01036496 2.00000000 2.00000000
3.89100000  2.00  0.00  0.00 0.78769214 0.01330847 2.00000000 2.00000000
3.93100000  2.00  0.00  0.00 1.17944139 0.01924376 2.00000000 2.00000000
3.97100000  2.00  0.00  0.00 2.46444450 0.03870806 2.00000000 2.00000000
4.01100000  2.00  0.00  0.00 20.78166413 0.32412401 2.00000000 2.00000000
4.05100000  2.00  0.00  0.00 1.90568672 0.03013948 2.00000000 2.00000000
4.09100000  2.00  0.00  0.00 0.97615206 0.01623444 2.00000000 2.00000000
4.13100000  2.00  0.00  0.00 0.64680066 0.01128679 2.00000000 2.00000000
4.17100000  2.00  0.00  0.00 0.47206779 0.00868529 2.00000000 2.00000000
4.21100000  2.00  0.00  0.00 0.36582854 0.00711188 2.00000000 2.00000000
4.25100000  2.00  0.00  0.00 0.29696875 0.00590506 2.00000000 2.00000000
4.29100000  2.00  0.00  0.00 0.24893841 0.00494017 2.00000000 2.00000000
4.33100000  2.00  0.00  0.00 0.20972151 0.00417709 2.00000000 2.00000000
4.45100000  2.00  0.00  0.00 0.13270969 0.00251396 2.00000000 2.00000000
4.57100000  2.00  0.00  0.00 0.08597228 0.00168994 2.00000000 2.00000000
4.69100000  2.00  0.00  0.00 0.05991069 0.00121454 2.00000000 2.00000000
4.81100000  2.00  0.00  0.00 0.04556332 0.00103838 2.00000000 2.00000000
4.93100000  2.00  0.00  0.00 0.03935942 0.00091444 2.00000000 2.00000000
5.05100000  2.00  0.00  0.00 0.04450764 0.00098302 2.00000000 2.00000000
5.17100000  2.00  0.00  0.00 0.06068708 0.00123717 2.00000000 2.00000000
5.29100000  2.00  0.00  0.00 0.07148195 0.00143800 2.00000000 2.00000000
5.41100000  2.00  0.00  0.00 0.09405274 0.00184336 2.00000000 2.00000000
5.53100000  2.00  0.00  0.00 0.11948017 0.00228632 2.00000000 2.00000000
5.65100000  2.00  0.00  0.00 0.16454926 0.00306202 2.00000000 2.00000000
5.73100000  2.00  0.00  0.00 0.21739998 0.00400312 2.00000000 2.00000000
5.77100000  2.00  0.00  0.00 0.25424948 0.00472608 2.00000000 2.00000000
5.81100000  2.00  0.00  0.00 0.30919999 0.00575377 2.00000000 2.00000000
5.85100000  2.00  0.00  0.00 0.38838045 0.00711537 2.00000000 2.00000000
5.89100000  2.00  0.00  0.00 0.52435682 0.00944955 2.00000000 2.00000000
5.93100000  2.00  0.00  0.00 0.80906381 0.01434144 2.00000000 2.00000000
5.97100000  2.00  0.00  0.00 1.81666038 0.02981031 2.00000000 2.00000000
6.01100000  2.00  0.00  0.00 7.00478489 0.10820109 2.00000000 2.00000000
6.05100000  2.00  0.00  0.00 1.18034066 0.02032674 2.00000000 2.00000000
6.09100000  2.00  0.00  0.00 0.63673222 0.01217970 2.00000000 2.00000000
6.13100000  2.00  0.00  0.00 0.44244407 0.00831084 2.00000000 2.00000000
6.17100000  2.00  0.00  0.00 0.33495836 0.00629440 2.00000000 2.00000000
6.21100000  2.00  0.00  0.00 0.27076825 0.00534762 2.00000000 2.00000000
6.25100000  2.00  0.00  0.00 0.22170593 0.00437758 2.00000000 2.00000000
6.29100000  2.00  0.00  0.00 0.18927856 0.00376178 2.00000000 2.00000000
0.61100000  0.00  2.00  0.00 0.06246460 0.00108240 1.72180000 2.00000000
0.73100000  0.00  2.00  0.00 0.06688887 0.00115943 1.72180000 2.00000000
0.85100000  0.00  2.00  0.00 0.07438969 0.00133672 1.72180000 2.00000000
0.97100000  0.00  2.00  0.00 0.08358222 0.00152421 1.72180000 2.00000000
1.09100000  0.00  2.00  0.00 0.09503136 0.00177657 1.72180000 2.00000000
1.21100000  0.00  2.00  0.00 0.10741984 0.00207094 1.72180000 2.00000000
1.33100000  0.00  2.00  0.00 0.12376741 0.00245649 1.72180000 2.00000000
1.45100000  0.00  2.00  0.00 0.15277559 0.00306450 1.72180000 2.00000000
1.49100000  0.00  2.00  0.00 0.17115840 0.00333697 1.72180000 2.00000000
1.53100000  0.00  2.00  0.00 0.19595768 0.00373616 1.72180000 2.00000000
1.57100000  0.00  2.00  0.00 0.23707574 0.00436018 1.72180000 2.00000000
1.61100000  0.00  2.00  0.00 0.30941971 0.00544646 1.72180000 2.00000000
1.65100000  0.00  2.00  0.00 0.47050757 0.00787803 1.72180000 2.00000000
1.69100000  0.00  2.00  0.00 1.09630241 0.01874668 1.72180000 2.00000000
1.73100000  0.00  2.00  0.00 2.28602698 0.03666320 1.72180000 2.00000000
1.77100000  0.00  2.00  0.00 0.55836940 0.00923338 1.72180000 2.00000000
1.81100000  0.00  2.00  0.00 0.31766959 0.00563952 1.72180000 2.00000000
1.85100000  0.00  2.00  0.00 0.22105882 0.00420470 1.72180000 2.00000000
1.89100000  0.00  2.00  0.00 0.17541010 0.00352701 1.72180000 2.00000000
1.93100000  0.00  2.00  0.00 0.14426270 0.00308738 1.72180000 2.00000000
1.97100000  0.00  2.00  0.00 0.12706731 0.00275712 1.72180000 2.00000000
2.01100000  0.00  2.00  0.00 0.11364259 0.00244616 1.72180000 2.00000000
2.05100000  0.00  2.00  0.00 0.10387350 0.00223204 1.72180000 2.00000000
2.17100000  0.00  2.00  0.00 0.08994242 0.00181023 1.72180000 2.00000000
2.29100000  0.00  2.00  0.00 0.08316049 0.00174432 1.72180000 2.00000000
2.41100000  0.00  2.00  0.00 0.07909841 0.00161188 1.72180000 2.00000000
2.53100000  0.00  2.00  0.00 0.07667803 0.00150351 1.72180000 2.00000000
2.65100000  0.00  2.00  0.00 0.07755015 0.00154627 1.72180000 2.00000000
2.77100000  0.00  2.00  0.00 0.08504488 0.00175373 1.72180000 2.00000000
2.89100000  0.00  2.00  0.00 0.09500806 0.00196741 1.72180000 2.00000000
3.01100000  0.00  2.00  0.00 0.10759469 0.00240962 1.72180000 2.00000000
3.13100000  0.00  2.00  0.00 0.12517556 0.00286768 1.72180000 2.00000000
3.25100000  0.00  2.00  0.00 0.15871246 0.00347204 1.72180000 2.00000000
3.37100000  0.00  2.00  0.00 0.20737511 0.00438181 1.72180000 2.00000000
3.45100000  0.00  2.00  0.00 0.25868758 0.00524986 1.72180000 2.00000000
3.49100000  0.00  2.00  0.00 0.30012892 0.00587306 1.72180000 2.00000000
3.53100000  0.00  2.00  0.00 0.35543617 0.00670302 1.72180000 2.00000000
3.57100000  0.00  2.00  0.00 0.43814977 0.00797290 1.72180000 2.00000000
3.61100000  0.00  2.00  0.00 0.59045604 0.01026454 1.72180000 2.00000000
3.65100000  0.00  2.00  0.00 0.91157953 0.01512025 1.72180000 2.00000000
3.69100000  0.00  2.00  0.00 2.17785013 0.03427562 1.72180000 2.00000000
3.73100000  0.00  2.00  0.00 4.21770780 0.06762878 1.72180000 2.00000000
3.77100000  0.00  2.00  0.00 1.01985956 0.01680221 1.72180000 2.00000000
3.81100000  0.00  2.00  0.00 0.55292510 0.00977016 1.72180000 2.00000000
3.85100000  0.00  2.00  0.00 0.37363243 0.00709046 1.72180000 2.00000000
3.89100000  0.00  2.00  0.00 0.27265088 0.00560594 1.72180000 2.00000000
3.93100000  0.00  2.00  0.00 0.21472728 0.00415372 1.72180000 2.00000000
3.97100000  0.00  2.00  0.00 0.17263264 0.00333904 1.72180000 2.00000000
4.01100000  0.00  2.00  0.00 0.14461677 0.00292362 1.72180000 2.00000000
4.09100000  0.00  2.00  0.00 0.10879487 0.00218053 1.72180000 2.00000000
4.21100000  0.00  2.00  0.00 0.08563585 0.00181768 1.72180000 2.00000000
4.33100000  0.00  2.00  0.00 0.07586300 0.00171493 1.72180000 2.00000000
4.45100000  0.00  2.00  0.00 0.08682403 0.00193178 1.72180000 2.00000000
4.57100000  0.00  2.00  0.00 0.09433724 0.00208124 1.72180000 2.00000000
4.69100000  0.00  2.00  0.00 0.09768647 0.00214681 1.72180000 2.00000000
4.81100000  0.00  2.00  0.00 0.11316098 0.00239142 1.72180000 2.00000000
4.93100000  0.00  2.00  0.00 0.12024926 0.00253361 1.72180000 2.00000000
5.05100000  0.00  2.00  0.00 0.13337977 0.00275838 1.72180000 2.00000000
5.17100000  0.00  2.00  0.00 0.15594244 0.00310989 1.72180000 2.00000000
5.29100000  0.00  2.00  0.00 0.18755312 0.00361517 1.72180000 2.00000000
5.41100000  0.00  2.00  0.00 0.24656351 0.00463010 1.72180000 2.00000000
5.45100000  0.00  2.00  0.00 0.28107467 0.00537451 1.72180000 2.00000000
5.49100000  0.00  2.00  0.00 0.32616002 0.00627104 1.72180000 2.00000000
5.53100000  0.00  2.00  0.00 0.39124207 0.00743621 1.72180000 2.00000000
5.57100000  0.00  2.00  0.00 0.49070699 0.00916311 1.72180000 2.00000000
5.61100000  0.00  2.00  0.00 0.66557692 0.01227218 1.72180000 2.00000000
5.65100000  0.00  2.00  0.00 1.08567636 0.01859317 1.72180000 2.00000000
5.69100000  0.00  2.00  0.00 2.88338448 0.04569328 1.72180000 2.00000000
5.73100000  0.00  2.00  0.00 4.12962647 0.06459520 1.72180000 2.00000000
5.77100000  0.00  2.00  0.00 1.15747516 0.01971649 1.72180000 2.00000000
5.81100000  0.00  2.00  0.00 0.67299055 0.01253645 1.72180000 2.00000000
5.85100000  0.00  2.00  0.00 0.46807288 0.00877527 1.72180000 2.00000000
5.89100000  0.00  2.00  0.00 0.35714656 0.00672525 1.72180000 2.00000000
5.93100000  0.00  2.00  0.00 0.28669643 0.00541141 1.72180000 2.00000000
5.97100000  0.00  2.00  0.00 0.23568922 0.00469620 1.72180000 2.00000000
6.01100000  0.00  2.00  0.00 0.20291903 0.00402213 1.72180000 2.00000000
6.13100000  0.00  2.00  0.00 0.13110213 0.00259441 1.72180000 2.00000000
-0.61100000 -0.00  2.00  0.00 0.34629334 0.00559097 6.27820000 2.00000000
-0.73100000 -0.00  2.00  0.00 0.26812420 0.00448763 6.27820000 2.00000000
-0.85100000 -0.00  2.00  0.00 0.21859665 0.00380884 6.27820000 2.00000000
-0.97100000 -0.00  2.00  0.00 0.18501916 0.00335449 6.27820000 2.00000000
-1.09100000 -0.00  2.00  0.00 0.16037134 0.00285698 6.27820000 2.00000000
-1.21100000 -0.00  2.00  0.00 0.13844812 0.00257319 6.27820000 2.00000000
-1.33100000 -0.00  2.00  0.00 0.12328490 0.00230650 6.27820000 2.00000000
-1.45100000 -0.00  2.00  0.00 0.11078585 0.00222685 6.27820000 2.00000000
-1.57100000 -0.00  2.00  0.00 0.09832866 0.00208004 6.27820000 2.00000000
-1.69100000 -0.00  2.00  0.00 0.09584020 0.00210414 6.27820000 2.00000000
-1.81100000 -0.00  2.00  0.00 0.09476532 0.00230851 6.27820000 2.00000000
-1.93100000 -0.00  2.00  0.00 0.10458211 0.00235419 6.27820000 2.00000000
-2.01100000 -0.00  2.00  0.00 0.11997381 0.00260753 6.27820000 2.00000000
-2.05100000 -0.00  2.00  0.00 0.13331112 0.00280373 6.27820000 2.00000000
-2.09100000 -0.00  2.00  0.00 0.15046993 0.00312451 6.27820000 2.00000000
-2.13100000 -0.00  2.00  0.00 0.17524135 0.00353578 6.27820000 2.00000000
-2.17100000 -0.00  2.00  0.00 0.22673007 0.00439366 6.27820000 2.00000000
-2.21100000 -0.00  2.00  0.00 0.34365123 0.00614817 6.27820000 2.00000000
-2.25100000 -0.00  2.00  0.00 0.81113824 0.01317577 6.27820000 2.00000000
-2.29100000 -0.00  2.00  0.00 1.49956338 0.02355384 6.27820000 2.00000000
-2.33100000 -0.00  2.00  0.00 0.34441348 0.00622100 6.27820000 2.00000000
-2.37100000 -0.00  2.00  0.00 0.18806431 0.00389919 6.27820000 2.00000000
-2.41100000 -0.00  2.00  0.00 0.12249021 0.00250940 6.27820000 2.00000000
-2.45100000 -0.00  2.00  0.00 0.08931171 0.00183758 6.27820000 2.00000000
-2.49100000 -0.00  2.00  0.00 0.06986377 0.00142924 6.27820000 2.00000000
-2.53100000 -0.00  2.00  0.00 0.05910068 0.00121463 6.27820000 2.00000000
-2.57100000 -0.00  2.00  0.00 0.04800513 0.00100820 6.27820000 2.00000000
-2.65100000 -0.00  2.00  0.00 0.03954312 0.00091072 6.27820000 2.00000000
-2.77100000 -0.00  2.00  0.00 0.04415316 0.00096058 6.27820000 2.00000000
-2.89100000 -0.00  2.00  0.00 0.05209562 0.00111646 6.27820000 2.00000000
-3.01100000 -0.00  2.00  0.00 0.06393933 0.00133399 6.27820000 2.00000000
-3.13100000 -0.00  2.00  0.00 0.07745248 0.00167343 6.27820000 2.00000000
-3.25100000 -0.00  2.00  0.00 0.09210528 0.00196065 6.27820000 2.00000000
-3.37100000 -0.00  2.00  0.00 0.11031994 0.00240132 6.27820000 2.00000000
-3.49100000 -0.00  2.00  0.00 0.13124186 0.00283086 6.27820000 2.00000000
-3.61100000 -0.00  2.00  0.00 0.16520606 0.00335973 6.27820000 2.00000000
-3.73100000 -0.00  2.00  0.00 0.21110966 0.00423545 6.27820000 2.00000000
-3.85100000 -0.00  2.00  0.00 0.27547649 0.00545395 6.27820000 2.00000000
-3.97100000 -0.00  2.00  0.00 0.39156574 0.00741912 6.27820000 2.00000000
-4.01100000 -0.00  2.00  0.00 0.45327061 0.00834384 6.27820000 2.00000000
-4.05100000 -0.00  2.00  0.00 0.53656089 0.00960984 6.27820000 2.00000000
-4.09100000 -0.00  2.00  0.00 0.65172031 0.01134044 6.27820000 2.00000000
-4.13100000 -0.00  2.00  0.00 0.82694651 0.01398330 6.27820000 2.00000000
-4.17100000 -0.00  2.00  0.00 1.13297281 0.01859524 6.27820000 2.00000000
-4.21100000 -0.00  2.00  0.00 1.78366154 0.02837490 6.27820000 2.00000000
-4.25100000 -0.00  2.00  0.00 4.14361928 0.06414132 6.27820000 2.00000000
-4.29100000 -0.00  2.00  0.00 12.39853854 0.19149936 6.27820000 2.00000000
-4.33100000 -0.00  2.00  0.00 2.44442090 0.03833340 6.27820000 2.00000000
-4.37100000 -0.00  2.00  0.00 1.33623702 0.02175762 6.27820000 2.00000000
-4.41100000 -0.00  2.00  0.00 0.91836929 0.01547645 6.27820000 2.00000000
-4.45100000 -0.00  2.00  0.00 0.68991695 0.01207539 6.27820000 2.00000000
-4.49100000 -0.00  2.00  0.00 0.54906435 0.00998252 6.27820000 2.00000000
-4.53100000 -0.00  2.00  0.00 0.45245249 0.00853364 6.27820000 2.00000000
-4.57100000 -0.00  2.00  0.00 0.38046608 0.00740045 6.27820000 2.00000000
-4.69100000 -0.00  2.00  0.00 0.24939336 0.00469534 6.27820000 2.00000000
-4.81100000 -0.00  2.00  0.00 0.17587522 0.00329278 6.27820000 2.00000000
-4.93100000 -0.00  2.00  0.00 0.12746651 0.00241940 6.27820000 2.00000000
-5.05100000 -0.00  2.00  0.00 0.08910377 0.00172856 6.27820000 2.00000000
-5.17100000 -0.00  2.00  0.00 0.05894433 0.00121636 6.27820000 2.00000000
-5.29100000 -0.00  2.00  0.00 0.04373354 0.00104904 6.27820000 2.00000000
-5.41100000 -0.00  2.00  0.00 0.03627377 0.00154925 6.27820000 2.00000000
-5.53100000 -0.00  2.00  0.00 0.02324116 0.00108053 6.27820000 2.00000000
-5.65100000 -0.00  2.00  0.00 0.02439101 0.00117937 6.27820000 2.00000000
-5.77100000 -0.00  2.00  0.00 0.03872153 0.00205786 6.27820000 2.00000000
-5.89100000 -0.00  2.00  0.00 0.04020749 0.00104142 6.27820000 2.00000000
-6.01100000 -0.00  2.00  0.00 0.06472446 0.00135145 6.27820000 2.00000000
-6.05100000 -0.00  2.00  0.00 0.08078337 0.00161255 6.27820000 2.00000000
-6.09100000 -0.00  2.00  0.00 0.10512004 0.00202988 6.27820000 2.00000000
-6.13100000 -0.00  2.00  0.00 0.13805663 0.00261298 6.27820000 2.00000000
0.61100000  1.00  1.00  0.00 0.12753149 0.00232255 1.86090000 2.00000000
0.73100000  1.00  1.00  0.00 0.13148501 0.00239964 1.86090000 2.00000000
0.85100000  1.00  1.00  0.00 0.13818045 0.00249477 1.86090000 2.00000000
0.97100000  1.00  1.00  0.00 0.14884141 0.00273368 1.86090000 2.00000000
1.09100000  1.00  1.00  0.00 0.16575550 0.00312481 1.86090000 2.00000000
1.21100000  1.00  1.00  0.00 0.18940407 0.00351919 1.86090000 2.00000000
1.33100000  1.00  1.00  0.00 0.22704510 0.00413108 1.86090000 2.00000000
1.45100000  1.00  1.00  0.00 0.28624826 0.00505314 1.86090000 2.00000000
1.57100000  1.00  1.00  0.00 0.39250963 0.00668221 1.86090000 2.00000000
1.61100000  1.00  1.00  0.00 0.44857251 0.00753640 1.86090000 2.00000000
1.65100000  1.00  1.00  0.00 0.52537900 0.00869779 1.86090000 2.00000000
1.69100000  1.00  1.00  0.00 0.64884633 0.01055967 1.86090000 2.00000000
1.73100000  1.00  1.00  0.00 0.82737330 0.01324770 1.86090000 2.00000000
1.77100000  1.00  1.00  0.00 1.16376047 0.01831103 1.86090000 2.00000000
1.81100000  1.00  1.00  0.00 1.91338441 0.03110405 1.86090000 2.00000000
1.85100000  1.00  1.00  0.00 6.97140272 0.11151527 1.86090000 2.00000000
1.89100000  1.00  1.00  0.00 3.97263045 0.06660323 1.86090000 2.00000000
1.93100000  1.00  1.00  0.00 1.52740185 0.02543685 1.86090000 2.00000000
1.97100000  1.00  1.00  0.00 0.96326401 0.01536911 1.86090000 2.00000000
2.01100000  1.00  1.00  0.00 0.68389526 0.01118974 1.86090000 2.00000000
2.05100000  1.00  1.00  0.00 0.51429225 0.00865628 1.86090000 2.00000000
2.09100000  1.00  1.00  0.00 0.41120460 0.00713048 1.86090000 2.00000000
2.13100000  1.00  1.00  0.00 0.34007690 0.00607371 1.86090000 2.00000000
2.17100000  1.00  1.00  0.00 0.28555505 0.00526600 1.86090000 2.00000000
2.29100000  1.00  1.00  0.00 0.18510770 0.00380322 1.86090000 2.00000000
2.41100000  1.00  1.00  0.00 0.12828106 0.00248647 1.86090000 2.00000000
2.53100000  1.00  1.00  0.00 0.09133696 0.00177505 1.86090000 2.00000000
2.65100000  1.00  1.00  0.00 0.06840439 0.00137000 1.86090000 2.00000000
2.77100000  1.00  1.00  0.00 0.05938656 0.00129033 1.86090000 2.00000000
2.89100000  1.00  1.00  0.00 0.06391043 0.00142242 1.86090000 2.00000000
3.01100000  1.00  1.00  0.00 0.08285004 0.00181419 1.86090000 2.00000000
3.13100000  1.00  1.00  0.00 0.10402814 0.00224686 1.86090000 2.00000000
3.25100000  1.00  1.00  0.00 0.13466457 0.00284910 1.86090000 2.00000000
3.37100000  1.00  1.00  0.00 0.18064051 0.00358085 1.86090000 2.00000000
3.49100000  1.00  1.00  0.00 0.24039400 0.00465354 1.86090000 2.00000000
3.57100000  1.00  1.00  0.00 0.30918154 0.00599163 1.86090000 2.00000000
3.61100000  1.00  1.00  0.00 0.35418417 0.00672780 1.86090000 2.00000000
3.65100000  1.00  1.00  0.00 0.42402748 0.00779414 1.86090000 2.00000000
3.69100000  1.00  1.00  0.00 0.52313082 0.00927082 1.86090000 2.00000000
3.73100000  1.00  1.00  0.00 0.67927275 0.01162838 1.86090000 2.00000000
3.77100000  1.00  1.00  0.00 0.96986684 0.01600113 1.86090000 2.00000000
3.81100000  1.00  1.00  0.00 1.71094126 0.02712710 1.86090000 2.00000000
3.85100000  1.00  1.00  0.00 7.15499856 0.11184751 1.86090000 2.00000000
3.89100000  1.00  1.00  0.00 3.15367013 0.04901248 1.86090000 2.00000000
3.93100000  1.00  1.00  0.00 1.27612318 0.02068167 1.86090000 2.00000000
3.97100000  1.00  1.00  0.00 0.79453965 0.01343572 1.86090000 2.00000000
4.01100000  1.00  1.00  0.00 0.57038683 0.01011314 1.86090000 2.00000000
4.05100000  1.00  1.00  0.00 0.44232647 0.00817734 1.86090000 2.00000000
4.09100000  1.00  1.00  0.00 0.36031109 0.00698598 1.86090000 2.00000000
4.13100000  1.00  1.00  0.00 0.30461526 0.00615250 1.86090000 2.00000000
4.21100000  1.00  1.00  0.00 0.23283098 0.00448321 1.86090000 2.00000000
4.33100000  1.00  1.00  0.00 0.16803003 0.00326002 1.86090000 2.00000000
4.45100000  1.00  1.00  0.00 0.13231166 0.00260002 1.86090000 2.00000000
4.57100000  1.00  1.00  0.00 0.10827717 0.00223789 1.86090000 2.00000000
4.69100000  1.00  1.00  0.00 0.09776904 0.00203553 1.86090000 2.00000000
4.81100000  1.00  1.00  0.00 0.09006794 0.00190720 1.86090000 2.00000000
4.93100000  1.00  1.00  0.00 0.08765048 0.00180098 1.86090000 2.00000000
5.05100000  1.00  1.00  0.00 0.08945565 0.00185712 1.86090000 2.00000000
5.17100000  1.00  1.00  0.00 0.09807457 0.00200431 1.86090000 2.00000000
5.29100000  1.00  1.00  0.00 0.11023599 0.00221562 1.86090000 2.00000000
5.41100000  1.00  1.00  0.00 0.13647729 0.00266274 1.86090000 2.00000000
-0.61100000  1.00  1.00  0.00 0.04407171 0.00080842 4.13910000 2.00000000
-0.73100000  1.00  1.00  0.00 0.04845024 0.00086897 4.13910000 2.00000000
-0.85100000  1.00  1.00  0.00 0.06269949 0.00111528 4.13910000 2.00000000
-0.97100000  1.00  1.00  0.00 0.07696686 0.00139436 4.13910000 2.00000000
-1.09100000  1.00  1.00  0.00 0.09263355 0.00171472 4.13910000 2.00000000
-1.21100000  1.00  1.00  0.00 0.10916469 0.00208177 4.13910000 2.00000000
-1.33100000  1.00  1.00  0.00 0.13015703 0.00252417 4.13910000 2.00000000
-1.45100000  1.00  1.00  0.00 0.15742407 0.00310897 4.13910000 2.00000000
-1.57100000  1.00  1.00  0.00 0.18755764 0.00362791 4.13910000 2.00000000
-1.69100000  1.00  1.00  0.00 0.23253231 0.00433612 4.13910000 2.00000000
-1.81100000  1.00  1.00  0.00 0.31542477 0.00560695 4.13910000 2.00000000
-1.85100000  1.00  1.00  0.00 0.35718243 0.00624820 4.13910000 2.00000000
-1.89100000  1.00  1.00  0.00 0.41379472 0.00710444 4.13910000 2.00000000
-1.93100000  1.00  1.00  0.00 0.49338608 0.00830828 4.13910000 2.00000000
-1.97100000  1.00  1.00  0.00 0.61538513 0.01014590 4.13910000 2.00000000
-2.01100000  1.00  1.00  0.00 0.81605974 0.01316855 4.13910000 2.00000000
-2.05100000  1.00  1.00  0.00 1.22414224 0.01929658 4.13910000 2.00000000
-2.09100000  1.00  1.00  0.00 2.32987456 0.03760617 4.13910000 2.00000000
-2.13100000  1.00  1.00  0.00 455.85087037 7.00541981 4.13910000 2.00000000
-2.17100000  1.00  1.00  0.00 2.36670921 0.03828127 4.13910000 2.00000000
-2.21100000  1.00  1.00  0.00 1.21791789 0.01926662 4.13910000 2.00000000
-2.25100000  1.00  1.00  0.00 0.80476189 0.01307538 4.13910000 2.00000000
-2.29100000  1.00  1.00  0.00 0.60663134 0.01011952 4.13910000 2.00000000
-2.33100000  1.00  1.00  0.00 0.48454654 0.00830051 4.13910000 2.00000000
-2.37100000  1.00  1.00  0.00 0.40472060 0.00711297 4.13910000 2.00000000
-2.41100000  1.00  1.00  0.00 0.34883480 0.00629495 4.13910000 2.00000000
-2.53100000  1.00  1.00  0.00 0.24456490 0.00477914 4.13910000 2.00000000
-2.65100000  1.00  1.00  0.00 0.19072297 0.00371271 4.13910000 2.00000000
-2.77100000  1.00  1.00  0.00 0.15289490 0.00320917 4.13910000 2.00000000
-2.89100000  1.00  1.00  0.00 0.12520276 0.00246276 4.13910000 2.00000000
-3.01100000  1.00  1.00  0.00 0.10085912 0.00215632 4.13910000 2.00000000
-3.13100000  1.00  1.00  0.00 0.08209492 0.00165203 4.13910000 2.00000000
-3.25100000  1.00  1.00  0.00 0.06279990 0.00128052 4.13910000 2.00000000
-3.37100000  1.00  1.00  0.00 0.05141880 0.00108187 4.13910000 2.00000000
-3.49100000  1.00  1.00  0.00 0.03948252 0.00095675 4.13910000 2.00000000
-3.61100000  1.00  1.00  0.00 0.03241060 0.00078502 4.13910000 2.00000000
-3.73100000  1.00  1.00  0.00 0.03262083 0.00075757 4.13910000 2.00000000
-3.85100000  1.00  1.00  0.00 0.04634818 0.00095083 4.13910000 2.00000000
-3.89100000  1.00  1.00  0.00 0.05554309 0.00121501 4.13910000 2.00000000
-3.93100000  1.00  1.00  0.00 0.07078674 0.00143606 4.13910000 2.00000000
-3.97100000  1.00  1.00  0.00 0.09660862 0.00188349 4.13910000 2.00000000
-4.01100000  1.00  1.00  0.00 0.13984110 0.00267989 4.13910000 2.00000000
-4.05100000  1.00  1.00  0.00 0.21896434 0.00400359 4.13910000 2.00000000
-4.09100000  1.00  1.00  0.00 0.44659046 0.00776177 4.13910000 2.00000000
-4.13100000  1.00  1.00  0.00 4.02993345 0.06493647 4.13910000 2.00000000
-4.17100000  1.00  1.00  0.00 0.66533650 0.01157849 4.13910000 2.00000000
-4.21100000  1.00  1.00  0.00 0.33130025 0.00661806 4.13910000 2.00000000
-4.25100000  1.00  1.00  0.00 0.23289190 0.00453901 4.13910000 2.00000000
-4.29100000  1.00  1.00  0.00 0.18576005 0.00360580 4.13910000 2.00000000
-4.33100000  1.00  1.00  0.00 0.15786020 0.00316130 4.13910000 2.00000000
-4.37100000  1.00  1.00  0.00 0.14133051 0.00283228 4.13910000 2.00000000
-4.41100000  1.00  1.00  0.00 0.12817888 0.00258078 4.13910000 2.00000000
-4.45100000  1.00  1.00  0.00 0.12367023 0.00245983 4.13910000 2.00000000
-4.57100000  1.00  1.00  0.00 0.10343357 0.00213575 4.13910000 2.00000000
-4.69100000  1.00  1.00  0.00 0.09861436 0.00200675 4.13910000 2.00000000
-4.81100000  1.00  1.00  0.00 0.08849025 0.00184937 4.13910000 2.00000000
-4.93100000  1.00  1.00  0.00 0.09128966 0.00187882 4.13910000 2.00000000
-5.05100000  1.00  1.00  0.00 0.08996762 0.00191249 4.13910000 2.00000000
-5.17100000  1.00  1.00  0.00 0.09400052 0.00196120 4.13910000 2.00000000
-5.29100000  1.00  1.00  0.00 0.09667888 0.00199705 4.13910000 2.00000000
-5.41100000  1.00  1.00  0.00 0.11221555 0.00229644 4.13910000 2.00000000
0.61100000  3.00  0.00  0.00 0.02383728 0.00052333 1.00000000 2.00000000
0.73100000  3.00  0.00  0.00 0.03574931 0.00068905 1.00000000 2.00000000
0.77100000  3.00  0.00  0.00 0.04265110 0.00085560 1.00000000 2.00000000
0.81100000  3.00  0.00  0.00 0.05132689 0.00102964 1.00000000 2.00000000
0.85100000  3.00  0.00  0.00 0.06538165 0.00129357 1.00000000 2.00000000
0.89100000  3.00  0.00  0.00 0.08712956 0.00168703 1.00000000 2.00000000
0.93100000  3.00  0.00  0.00 0.13481023 0.00252302 1.00000000 2.00000000
0.97100000  3.00  0.00  0.00 0.30028312 0.00507765 1.00000000 2.00000000
1.01100000  3.00  0.00  0.00 1.52918372 0.02456734 1.00000000 6.00000000
1.05100000  3.00  0.00  0.00 0.19531828 0.00354039 1.00000000 6.00000000
1.09100000  3.00  0.00  0.00 0.10701947 0.00225108 1.00000000 6.00000000
1.13100000  3.00  0.00  0.00 0.07278394 0.00145866 1.00000000 6.00000000
1.17100000  3.00  0.00  0.00 0.05800160 0.00114762 1.00000000 6.00000000
1.21100000  3.00  0.00  0.00 0.04762544 0.00101046 1.00000000 6.00000000
1.25100000  3.00  0.00  0.00 0.04153558 0.00084057 1.00000000 6.00000000
1.29100000  3.00  0.00  0.00 0.03704281 0.00076763 1.00000000 6.00000000
1.33100000  3.00  0.00  0.00 0.03409344 0.00069012 1.00000000 6.00000000
1.45100000  3.00  0.00  0.00 0.02939812 0.00061593 1.00000000 6.00000000
1.57100000  3.00  0.00  0.00 0.02852297 0.00058019 1.00000000 6.00000000
1.69100000  3.00  0.00  0.00 0.02847879 0.00057532 1.00000000 6.00000000
1.81100000  3.00  0.00  0.00 0.02562414 0.00055605 1.00000000 6.00000000
1.93100000  3.00  0.00  0.00 0.02250455 0.00051347 1.00000000 6.00000000
2.05100000  3.00  0.00  0.00 0.02103328 0.00050307 1.00000000 6.00000000
2.17100000  3.00  0.00  0.00 0.01855054 0.00046643 1.00000000 6.00000000
2.29100000  3.00  0.00  0.00 0.01478425 0.00043447 1.00000000 6.00000000
2.41100000  3.00  0.00  0.00 0.01612936 0.00044871 1.00000000 6.00000000
2.53100000  3.00  0.00  0.00 0.01667929 0.00044824 1.00000000 6.00000000
2.65100000  3.00  0.00  0.00 0.01831784 0.00048217 1.00000000 6.00000000
2.77100000  3.00  0.00  0.00 0.01950458 0.00052271 1.00000000 6.00000000
2.89100000  3.00  0.00  0.00 0.01866250 0.00050851 1.00000000 6.00000000
3.01100000  3.00  0.00  0.00 0.12181286 0.00199532 1.00000000 6.00000000
3.13100000  3.00  0.00  0.00 0.01868346 0.00049493 1.00000000 6.00000000
3.25100000  3.00  0.00  0.00 0.01782271 0.00053023 1.00000000 6.00000000
3.37100000  3.00  0.00  0.00 0.01654969 0.00053784 1.00000000 6.00000000
3.49100000  3.00  0.00  0.00 0.01846732 0.00052457 1.00000000 6.00000000
3.61100000  3.00  0.00  0.00 0.02015103 0.00057889 1.00000000 6.00000000
3.73100000  3.00  0.00  0.00 0.02020501 0.00057632 1.00000000 6.00000000
3.85100000  3.00  0.00  0.00 0.02017320 0.00056161 1.00000000 6.00000000
3.97100000  3.00  0.00  0.00 0.02195498 0.00063898 1.00000000 6.00000000
4.09100000  3.00  0.00  0.00 0.02302080 0.00063644 1.00000000 6.00000000
4.21100000  3.00  0.00  0.00 0.02917650 0.00121546 1.00000000 6.00000000
4.33100000  3.00  0.00  0.00 0.02869594 0.00121492 1.00000000 6.00000000
4.45100000  3.00  0.00  0.00 0.02821805 0.00127612 1.00000000 6.00000000
4.57100000  3.00  0.00  0.00 0.02119115 0.00083218 1.00000000 6.00000000
4.69100000  3.00  0.00  0.00 0.02165473 0.00086138 1.00000000 6.00000000
4.73100000  3.00  0.00  0.00 0.01990868 0.00081307 1.00000000 6.00000000
4.77100000  3.00  0.00  0.00 0.02256920 0.00090560 1.00000000 6.00000000
4.81100000  3.00  0.00  0.00 0.02548614 0.00091235 1.00000000 6.00000000
4.85100000  3.00  0.00  0.00 0.02753524 0.00087011 1.00000000 6.00000000
4.89100000  3.00  0.00  0.00 0.02995877 0.00092257 1.00000000 6.00000000
4.93100000  3.00  0.00  0.00 0.02638536 0.00088301 1.00000000 6.00000000
4.97100000  3.00  0.00  0.00 0.02802442 0.00105264 1.00000000 6.00000000
5.01100000  3.00  0.00  0.00 0.08809688 0.00196038 1.00000000 6.00000000
5.05100000  3.00  0.00  0.00 0.03871986 0.00130161 1.00000000 6.00000000
5.09100000  3.00  0.00  0.00 0.04287427 0.00096267 1.00000000 6.00000000
5.13100000  3.00  0.00  0.00 0.03153450 0.00084312 1.00000000 6.00000000
5.17100000  3.00  0.00  0.00 0.02826364 0.00081475 1.00000000 6.00000000
5.21100000  3.00  0.00  0.00 0.04139402 0.00150974 1.00000000 6.00000000
5.25100000  3.00  0.00  0.00 0.02550013 0.00100142 1.00000000 6.00000000
5.29100000  3.00  0.00  0.00 0.02726109 0.00127193 1.00000000 6.00000000
5.41100000  3.00  0.00  0.00 0.02492212 0.00093120 1.00000000 6.00000000
5.53100000  3.00  0.00  0.00 0.02691737 0.00112288 1.00000000 6.00000000
5.55000000  3.00  0.00  0.00 0.02792874 0.00102793 1.00000000 6.00000000
5.67000000  3.00  0.00  0.00 0.02145365 0.00084477 1.00000000 6.00000000
5.79000000  3.00  0.00  0.00 0.03141482 0.00113584 1.00000000 6.00000000
5.91000000  3.00  0.00  0.00 0.02893552 0.00119010 1.00000000 6.00000000
6.03000000  3.00  0.00  0.00 0.02496257 0.00117650 1.00000000 6.00000000
6.15000000  3.00  0.00  0.00 0.03492530 0.00181784 1.00000000 6.00000000
0.61100000  2.00 -1.00  0.00 0.02843212 0.00054918 3.13910000 4.00000000
0.73100000  2.00 -1.00  0.00 0.02566555 0.00051916 3.13910000 4.00000000
0.85100000  2.00 -1.00  0.00 0.02242564 0.00049933 3.13910000 4.00000000
0.89100000  2.00 -1.00  0.00 0.02235944 0.00054794 3.13910000 4.00000000
0.93100000  2.00 -1.00  0.00 0.02134438 0.00053919 3.13910000 4.00000000
0.97100000  2.00 -1.00  0.00 0.01993332 0.00053367 3.13910000 4.00000000
1.01100000  2.00 -1.00  0.00 0.01923828 0.00049386 3.13910000 4.00000000
1.05100000  2.00 -1.00  0.00 0.01957697 0.00049484 3.13910000 4.00000000
1.09100000  2.00 -1.00  0.00 0.01914995 0.00047013 3.13910000 4.00000000
1.13100000  2.00 -1.00  0.00 0.01774563 0.00043075 3.13910000 4.00000000
1.17100000  2.00 -1.00  0.00 0.01834716 0.00045024 3.13910000 4.00000000
1.21100000  2.00 -1.00  0.00 0.01836626 0.00044666 3.13910000 4.00000000
1.25100000  2.00 -1.00  0.00 0.01777569 0.00042956 3.13910000 4.00000000
1.29100000  2.00 -1.00  0.00 0.01752713 0.00043453 3.13910000 4.00000000
1.33100000  2.00 -1.00  0.00 0.01709185 0.00042400 3.13910000 4.00000000
1.37100000  2.00 -1.00  0.00 0.01687079 0.00040830 3.13910000 4.00000000
1.41100000  2.00 -1.00  0.00 0.01715527 0.00040394 3.13910000 4.00000000
1.45100000  2.00 -1.00  0.00 0.01683101 0.00041395 3.13910000 4.00000000
1.57100000  2.00 -1.00  0.00 0.01763332 0.00044968 3.13910000 4.00000000
1.69100000  2.00 -1.00  0.00 0.01715329 0.00043695 3.13910000 4.00000000
1.81100000  2.00 -1.00  0.00 0.01645511 0.00045010 3.13910000 4.00000000
1.93100000  2.00 -1.00  0.00 0.01606588 0.00043038 3.13910000 4.00000000
2.05100000  2.00 -1.00  0.00 0.01466978 0.00042605 3.13910000 4.00000000
2.17100000  2.00 -1.00  0.00 0.01466304 0.00041246 3.13910000 4.00000000
2.29100000  2.00 -1.00  0.00 0.01770780 0.00045478 3.13910000 4.00000000
2.41100000  2.00 -1.00  0.00 0.01933266 0.00050411 3.13910000 4.00000000
2.53100000  2.00 -1.00  0.00 0.02597555 0.00064465 3.13910000 4.00000000
2.65100000  2.00 -1.00  0.00 0.02880890 0.00074456 3.13910000 4.00000000
2.77100000  2.00 -1.00  0.00 0.03867133 0.00092632 3.13910000 4.00000000
2.85100000  2.00 -1.00  0.00 0.04931863 0.00110312 3.13910000 4.00000000
2.89100000  2.00 -1.00  0.00 0.04993377 0.00113417 3.13910000 4.00000000
2.93100000  2.00 -1.00  0.00 0.06405995 0.00138390 3.13910000 4.00000000
2.97100000  2.00 -1.00  0.00 0.07336054 0.00155002 3.13910000 4.00000000
3.01100000  2.00 -1.00  0.00 0.09060742 0.00183981 3.13910000 4.00000000
3.05100000  2.00 -1.00  0.00 0.11923981 0.00230029 3.13910000 4.00000000
3.09100000  2.00 -1.00  0.00 0.18941734 0.00348502 3.13910000 4.00000000
3.13100000  2.00 -1.00  0.00 0.55060642 0.00920036 3.13910000 4.00000000
3.17100000  2.00 -1.00  0.00 0.43501911 0.00782952 3.13910000 2.00000000
3.21100000  2.00 -1.00  0.00 0.14448753 0.00286473 3.13910000 2.00000000
3.25100000  2.00 -1.00  0.00 0.07817975 0.00159514 3.13910000 2.00000000
3.29100000  2.00 -1.00  0.00 0.05261894 0.00110219 3.13910000 2.00000000
3.33100000  2.00 -1.00  0.00 0.03360886 0.00084197 3.13910000 2.00000000
3.37100000  2.00 -1.00  0.00 0.02719878 0.00068638 3.13910000 2.00000000
3.41100000  2.00 -1.00  0.00 0.02330340 0.00059449 3.13910000 2.00000000
3.49100000  2.00 -1.00  0.00 0.02047524 0.00058165 3.13910000 2.00000000
3.61100000  2.00 -1.00  0.00 0.02367976 0.00061832 3.13910000 2.00000000
3.73100000  2.00 -1.00  0.00 0.02637261 0.00069218 3.13910000 2.00000000
3.85100000  2.00 -1.00  0.00 0.03101375 0.00078893 3.13910000 2.00000000
3.97100000  2.00 -1.00  0.00 0.02845729 0.00078662 3.13910000 2.00000000
4.09100000  2.00 -1.00  0.00 0.02961254 0.00078479 3.13910000 2.00000000
4.21100000  2.00 -1.00  0.00 0.02899716 0.00081047 3.13910000 2.00000000
4.33100000  2.00 -1.00  0.00 0.02688149 0.00075523 3.13910000 2.00000000
4.45100000  2.00 -1.00  0.00 0.03032625 0.00076628 3.13910000 2.00000000
4.57100000  2.00 -1.00  0.00 0.03599684 0.00086060 3.13910000 2.00000000
4.69100000  2.00 -1.00  0.00 0.04329906 0.00095535 3.13910000 2.00000000
4.81100000  2.00 -1.00  0.00 0.06394727 0.00129161 3.13910000 2.00000000
4.85100000  2.00 -1.00  0.00 0.06957433 0.00143314 3.13910000 2.00000000
4.89100000  2.00 -1.00  0.00 0.07871565 0.00161908 3.13910000 2.00000000
4.93100000  2.00 -1.00  0.00 0.09369341 0.00184613 3.13910000 2.00000000
4.97100000  2.00 -1.00  0.00 0.11350775 0.00219342 3.13910000 2.00000000
5.01100000  2.00 -1.00  0.00 0.14630774 0.00274041 3.13910000 2.00000000
5.05100000  2.00 -1.00  0.00 0.20262616 0.00369114 3.13910000 2.00000000
5.09100000  2.00 -1.00  0.00 0.33114780 0.00580199 3.13910000 2.00000000
5.13100000  2.00 -1.00  0.00 1.03823831 0.01696251 3.13910000 2.00000000
5.17100000  2.00 -1.00  0.00 0.81702195 0.01429661 3.13910000 2.00000000
5.21100000  2.00 -1.00  0.00 0.28112613 0.00533946 3.13910000 2.00000000
5.25100000  2.00 -1.00  0.00 0.16483739 0.00318522 3.13910000 2.00000000
5.29100000  2.00 -1.00  0.00 0.11355052 0.00222144 3.13910000 2.00000000
5.33100000  2.00 -1.00  0.00 0.08730736 0.00174562 3.13910000 2.00000000
5.37100000  2.00 -1.00  0.00 0.06576882 0.00139498 3.13910000 2.00000000
5.41100000  2.00 -1.00  0.00 0.05501029 0.00119893 3.13910000 2.00000000
5.53100000  2.00 -1.00  0.00 0.03721333 0.00096757 3.13910000 2.00000000
5.65100000  2.00 -1.00  0.00 0.03541063 0.00112628 3.13910000 2.00000000
5.77100000  2.00 -1.00  0.00 0.02733370 0.00109689 3.13910000 2.00000000
5.89100000  2.00 -1.00  0.00 0.02910699 0.00116271 3.13910000 2.00000000
6.01100000  2.00 -1.00  0.00 0.02604433 0.00126761 3.13910000 2.00000000
6.13100000  2.00 -1.00  0.00 0.03003125 0.00120503 3.13910000 2.00000000
6.25100000  2.00 -1.00  0.00 0.04859466 0.00129904 3.13910000 2.00000000
6.37100000  2.00 -1.00  0.00 0.04727257 0.00170697 3.13910000 2.00000000
6.49100000  2.00 -1.00  0.00 0.05236598 0.00191701 3.13910000 2.00000000
-0.61100000  2.00 -1.00  0.00 0.17981264 0.00309792 4.86090000 4.00000000
-0.65100000  2.00 -1.00  0.00 0.22088098 0.00373756 4.86090000 4.00000000
-0.69100000  2.00 -1.00  0.00 0.28399210 0.00470596 4.86090000 4.00000000
-0.73100000  2.00 -1.00  0.00 0.38874754 0.00629559 4.86090000 4.00000000
-0.77100000  2.00 -1.00  0.00 0.62258594 0.00981840 4.86090000 4.00000000
-0.81100000  2.00 -1.00  0.00 1.68025530 0.02664203 4.86090000 4.00000000
-0.85100000  2.00 -1.00  0.00 3.23664040 0.05261723 4.86090000 4.00000000
-0.89100000  2.00 -1.00  0.00 0.76990645 0.01315139 4.86090000 4.00000000
-0.93100000  2.00 -1.00  0.00 0.42572873 0.00693865 4.86090000 4.00000000
-0.97100000  2.00 -1.00  0.00 0.29423705 0.00499171 4.86090000 4.00000000
-1.01100000  2.00 -1.00  0.00 0.22136906 0.00391705 4.86090000 4.00000000
-1.05100000  2.00 -1.00  0.00 0.17572158 0.00324631 4.86090000 4.00000000
-1.09100000  2.00 -1.00  0.00 0.14637146 0.00282866 4.86090000 4.00000000
-1.13100000  2.00 -1.00  0.00 0.12340873 0.00250200 4.86090000 4.00000000
-1.21100000  2.00 -1.00  0.00 0.09528011 0.00191881 4.86090000 4.00000000
-1.33100000  2.00 -1.00  0.00 0.06816623 0.00137115 4.86090000 4.00000000
-1.45100000  2.00 -1.00  0.00 0.05138496 0.00102037 4.86090000 4.00000000
-1.57100000  2.00 -1.00  0.00 0.03609534 0.00075171 4.86090000 4.00000000
-1.69100000  2.00 -1.00  0.00 0.02611375 0.00057758 4.86090000 4.00000000
-1.81100000  2.00 -1.00  0.00 0.02032264 0.00052059 4.86090000 4.00000000
-1.93100000  2.00 -1.00  0.00 0.01693494 0.00048022 4.86090000 4.00000000
-2.05100000  2.00 -1.00  0.00 0.01550076 0.00043978 4.86090000 4.00000000
-2.17100000  2.00 -1.00  0.00 0.01682816 0.00044722 4.86090000 4.00000000
-2.29100000  2.00 -1.00  0.00 0.01694829 0.00046553 4.86090000 4.00000000
-2.41100000  2.00 -1.00  0.00 0.01591459 0.00048936 4.86090000 4.00000000
-2.53100000  2.00 -1.00  0.00 0.01806409 0.00050806 4.86090000 4.00000000
-2.65100000  2.00 -1.00  0.00 0.01634780 0.00065262 4.86090000 4.00000000
-2.77100000  2.00 -1.00  0.00 0.01798500 0.00070062 4.86090000 4.00000000
-2.89100000  2.00 -1.00  0.00 0.01403997 0.00053711 4.86090000 4.00000000
-3.01100000  2.00 -1.00  0.00 0.01608638 0.00060312 4.86090000 4.00000000
-3.13100000  2.00 -1.00  0.00 0.02076598 0.00063393 4.86090000 4.00000000
-3.25100000  2.00 -1.00  0.00 0.01749222 0.00063746 4.86090000 4.00000000
-3.37100000  2.00 -1.00  0.00 0.01522213 0.00060894 4.86090000 4.00000000
-3.49100000  2.00 -1.00  0.00 0.01908459 0.00074070 4.86090000 4.00000000
-3.61100000  2.00 -1.00  0.00 0.01627341 0.00058328 4.86090000 4.00000000
-3.73100000  2.00 -1.00  0.00 0.01636842 0.00058519 4.86090000 4.00000000
-3.85100000  2.00 -1.00  0.00 0.01781678 0.00063492 4.86090000 4.00000000
-3.97100000  2.00 -1.00  0.00 0.01778578 0.00072134 4.86090000 4.00000000
-4.09100000  2.00 -1.00  0.00 0.02508417 0.00104722 4.86090000 4.00000000
-4.21100000  2.00 -1.00  0.00 0.02123444 0.00079719 4.86090000 4.00000000
-4.33100000  2.00 -1.00  0.00 0.02642044 0.00104845 4.86090000 4.00000000
-4.45100000  2.00 -1.00  0.00 0.02747479 0.00075036 4.86090000 4.00000000
-4.57100000  2.00 -1.00  0.00 0.03003361 0.00078251 4.86090000 4.00000000
-4.61100000  2.00 -1.00  0.00 0.03569229 0.00087072 4.86090000 4.00000000
-4.65100000  2.00 -1.00  0.00 0.04031187 0.00095623 4.86090000 4.00000000
-4.69100000  2.00 -1.00  0.00 0.04949261 0.00109135 4.86090000 4.00000000
-4.73100000  2.00 -1.00  0.00 0.06785843 0.00138413 4.86090000 4.00000000
-4.77100000  2.00 -1.00  0.00 0.09483055 0.00187000 4.86090000 4.00000000
-4.81100000  2.00 -1.00  0.00 0.18614410 0.00330345 4.86090000 4.00000000
-4.85100000  2.00 -1.00  0.00 2.29688150 0.03533446 4.86090000 4.00000000
-4.89100000  2.00 -1.00  0.00 0.14686292 0.00296089 6.86090000 2.00000000
-4.93100000  2.00 -1.00  0.00 0.06956120 0.00154887 6.86090000 2.00000000
-4.97100000  2.00 -1.00  0.00 0.04576740 0.00108975 6.86090000 2.00000000
-5.01100000  2.00 -1.00  0.00 0.03767934 0.00098607 6.86090000 2.00000000
-5.05100000  2.00 -1.00  0.00 0.04909366 0.00148560 6.86090000 2.00000000
-5.09100000  2.00 -1.00  0.00 0.04607059 0.00129576 6.86090000 2.00000000
-5.13100000  2.00 -1.00  0.00 0.03979894 0.00104234 6.86090000 2.00000000
-5.17100000  2.00 -1.00  0.00 0.04621435 0.00159569 6.86090000 2.00000000
-5.29100000  2.00 -1.00  0.00 0.03322398 0.00169310 6.86090000 2.00000000
-5.41100000  2.00 -1.00  0.00 0.03073178 0.00188280 6.86090000 2.00000000
-5.53100000  2.00 -1.00  0.00 0.03192936 0.00188290 6.86090000 2.00000000
-5.55000000  2.00 -1.00  0.00 0.03669720 0.00129238 6.86090000 2.00000000
-5.67000000  2.00 -1.00  0.00 0.04276892 0.00157187 6.86090000 2.00000000
-5.79000000  2.00 -1.00  0.00 0.03102020 0.00109331 6.86090000 2.00000000
-5.91000000  2.00 -1.00  0.00 0.02926665 0.00116889 6.86090000 2.00000000
-6.03000000  2.00 -1.00  0.00 0.03365543 0.00124845 6.86090000 2.00000000
-6.15000000  2.00 -1.00  0.00 0.03167727 0.00113647 6.86090000 2.00000000
-6.27000000  2.00 -1.00  0.00 0.03504934 0.00118089 6.86090000 2.00000000
-6.39000000  2.00 -1.00  0.00 0.05559856 0.00202750 6.86090000 2.00000000
-6.51000000  2.00 -1.00  0.00 0.05943877 0.00168127 6.86090000 2.00000000
0.61100000  2.00  1.00  0.00 0.16709982 0.00290987 0.86090000 4.00000000
0.65100000  2.00  1.00  0.00 0.20256153 0.00346251 0.86090000 4.00000000
0.69100000  2.00  1.00  0.00 0.24854091 0.00417342 0.86090000 4.00000000
0.73100000  2.00  1.00  0.00 0.32561723 0.00535129 0.86090000 4.00000000
0.77100000  2.00  1.00  0.00 0.46679136 0.00748840 0.86090000 4.00000000
0.81100000  2.00  1.00  0.00 0.79251222 0.01329773 0.86090000 4.00000000
0.85100000  2.00  1.00  0.00 4.16754710 0.06658235 0.86090000 4.00000000
0.89100000  2.00  1.00  0.00 1.43585375 0.02306555 0.86090000 4.00000000
0.93100000  2.00  1.00  0.00 0.60829398 0.00968780 0.86090000 4.00000000
0.97100000  2.00  1.00  0.00 0.37699012 0.00623449 0.86090000 4.00000000
1.01100000  2.00  1.00  0.00 0.27335744 0.00469827 0.86090000 4.00000000
1.05100000  2.00  1.00  0.00 0.21141431 0.00378588 0.86090000 4.00000000
1.09100000  2.00  1.00  0.00 0.17324195 0.00323274 0.86090000 4.00000000
1.13100000  2.00  1.00  0.00 0.14487547 0.00282714 0.86090000 4.00000000
1.21100000  2.00  1.00  0.00 0.10802383 0.00215468 0.86090000 4.00000000
1.33100000  2.00  1.00  0.00 0.07521747 0.00154028 0.86090000 4.00000000
1.45100000  2.00  1.00  0.00 0.05974980 0.00118970 0.86090000 4.00000000
1.57100000  2.00  1.00  0.00 0.04482375 0.00091287 0.86090000 4.00000000
1.69100000  2.00  1.00  0.00 0.03350918 0.00069122 0.86090000 4.00000000
1.81100000  2.00  1.00  0.00 0.02595870 0.00061298 0.86090000 4.00000000
1.93100000  2.00  1.00  0.00 0.02153601 0.00053385 0.86090000 4.00000000
2.05100000  2.00  1.00  0.00 0.01613326 0.00045946 0.86090000 4.00000000
2.17100000  2.00  1.00  0.00 0.01738307 0.00053026 0.86090000 4.00000000
2.29100000  2.00  1.00  0.00 0.01608786 0.00049300 0.86090000 4.00000000
2.41100000  2.00  1.00  0.00 0.01277280 0.00043214 0.86090000 4.00000000
2.53100000  2.00  1.00  0.00 0.01465599 0.00050104 0.86090000 4.00000000
2.65100000  2.00  1.00  0.00 0.02009393 0.00082261 0.86090000 4.00000000
2.77100000  2.00  1.00  0.00 0.02025298 0.00079356 0.86090000 4.00000000
2.89100000  2.00  1.00  0.00 0.02377905 0.00087833 0.86090000 4.00000000
3.01100000  2.00  1.00  0.00 0.01430737 0.00063459 0.86090000 4.00000000
3.13100000  2.00  1.00  0.00 0.01646810 0.00058803 0.86090000 4.00000000
3.25100000  2.00  1.00  0.00 0.01529437 0.00062783 0.86090000 4.00000000
3.37100000  2.00  1.00  0.00 0.01648912 0.00062237 0.86090000 4.00000000
3.49100000  2.00  1.00  0.00 0.01774514 0.00066706 0.86090000 4.00000000
3.61100000  2.00  1.00  0.00 0.02583801 0.00106620 0.86090000 4.00000000
3.73100000  2.00  1.00  0.00 0.02730585 0.00111606 0.86090000 4.00000000
3.85100000  2.00  1.00  0.00 0.02838419 0.00109427 0.86090000 4.00000000
3.97100000  2.00  1.00  0.00 0.02045762 0.00077784 0.86090000 4.00000000
4.09100000  2.00  1.00  0.00 0.01880822 0.00074099 0.86090000 4.00000000
4.21100000  2.00  1.00  0.00 0.02111096 0.00100957 0.86090000 4.00000000
4.33100000  2.00  1.00  0.00 0.03381315 0.00127073 0.86090000 4.00000000
4.45100000  2.00  1.00  0.00 0.02870614 0.00089873 0.86090000 4.00000000
4.57100000  2.00  1.00  0.00 0.02913989 0.00072889 0.86090000 4.00000000
4.61100000  2.00  1.00  0.00 0.03440880 0.00082601 0.86090000 4.00000000
4.65100000  2.00  1.00  0.00 0.03859646 0.00091835 0.86090000 4.00000000
4.69100000  2.00  1.00  0.00 0.04393926 0.00097954 0.86090000 4.00000000
4.73100000  2.00  1.00  0.00 0.05746444 0.00120098 0.86090000 4.00000000
4.77100000  2.00  1.00  0.00 0.07447282 0.00152350 0.86090000 4.00000000
4.81100000  2.00  1.00  0.00 0.13063273 0.00241771 0.86090000 4.00000000
4.85100000  2.00  1.00  0.00 0.45655169 0.00747684 0.86090000 4.00000000
4.89100000  2.00  1.00  0.00 0.25723379 0.00494840 0.86090000 4.00000000
4.93100000  2.00  1.00  0.00 0.09439856 0.00191025 0.86090000 4.00000000
4.97100000  2.00  1.00  0.00 0.05225861 0.00113650 0.86090000 4.00000000
5.01100000  2.00  1.00  0.00 0.03841107 0.00096652 0.86090000 4.00000000
5.05100000  2.00  1.00  0.00 0.03147257 0.00088289 0.86090000 4.00000000
5.09100000  2.00  1.00  0.00 0.02996711 0.00082247 0.86090000 4.00000000
5.13100000  2.00  1.00  0.00 0.02702643 0.00077814 0.86090000 4.00000000
5.17100000  2.00  1.00  0.00 0.02822805 0.00083735 0.86090000 4.00000000
5.29100000  2.00  1.00  0.00 0.02971880 0.00088604 0.86090000 4.00000000
5.41100000  2.00  1.00  0.00 0.03160026 0.00090937 0.86090000 4.00000000
5.53100000  2.00  1.00  0.00 0.03289352 0.00094258 0.86090000 4.00000000
5.55000000  2.00  1.00  0.00 0.03715578 0.00132727 0.86090000 4.00000000
5.67000000  2.00  1.00  0.00 0.02931929 0.00106506 0.86090000 4.00000000
5.79000000  2.00  1.00  0.00 0.02814617 0.00116611 0.86090000 4.00000000
5.91000000  2.00  1.00  0.00 0.02662642 0.00124437 0.86090000 4.00000000
6.03000000  2.00  1.00  0.00 0.03431603 0.00123980 0.86090000 4.00000000
6.15000000  2.00  1.00  0.00 0.02979061 0.00126396 0.86090000 4.00000000
6.27000000  2.00  1.00  0.00 0.03393460 0.00134749 0.86090000 4.00000000
6.39000000  2.00  1.00  0.00 0.03556255 0.00143035 0.86090000 4.00000000
6.51000000  2.00  1.00  0.00 0.03570311 0.00142106 0.86090000 4.00000000
-0.61100000  2.00  1.00  0.00 0.03151270 0.00060758 3.13910000 4.00000000
-0.73100000  2.00  1.00  0.00 0.02781547 0.00056872 3.13910000 4.00000000
-0.85100000  2.00  1.00  0.00 0.02369811 0.00052290 3.13910000 4.00000000
-0.97100000  2.00  1.00  0.00 0.01993950 0.00048658 3.13910000 4.00000000
-1.09100000  2.00  1.00  0.00 0.01917181 0.00050826 3.13910000 4.00000000
-1.21100000  2.00  1.00  0.00 0.01705795 0.00048106 3.13910000 4.00000000
-1.33100000  2.00  1.00  0.00 0.01754607 0.00044859 3.13910000 4.00000000
-1.45100000  2.00  1.00  0.00 0.01766869 0.00048863 3.13910000 4.00000000
-1.57100000  2.00  1.00  0.00 0.01799097 0.00046215 3.13910000 4.00000000
-1.69100000  2.00  1.00  0.00 0.01805982 0.00046292 3.13910000 4.00000000
-1.81100000  2.00  1.00  0.00 0.01608631 0.00045874 3.13910000 4.00000000
-1.93100000  2.00  1.00  0.00 0.01629886 0.00044077 3.13910000 4.00000000
-2.05100000  2.00  1.00  0.00 0.01661787 0.00045325 3.13910000 4.00000000
-2.17100000  2.00  1.00  0.00 0.01722859 0.00044669 3.13910000 4.00000000
-2.29100000  2.00  1.00  0.00 0.02049178 0.00054429 3.13910000 4.00000000
-2.41100000  2.00  1.00  0.00 0.02399879 0.00061313 3.13910000 4.00000000
-2.53100000  2.00  1.00  0.00 0.02761291 0.00072095 3.13910000 4.00000000
-2.55000000  2.00  1.00  0.00 0.02776357 0.00075249 3.13910000 4.00000000
-2.67000000  2.00  1.00  0.00 0.03463433 0.00090604 3.13910000 4.00000000
-2.79000000  2.00  1.00  0.00 0.04487151 0.00104361 3.13910000 4.00000000
-2.87000000  2.00  1.00  0.00 0.05649524 0.00124840 3.13910000 4.00000000
-2.91000000  2.00  1.00  0.00 0.06175057 0.00137450 3.13910000 4.00000000
-2.95000000  2.00  1.00  0.00 0.07592262 0.00162193 3.13910000 4.00000000
-2.99000000  2.00  1.00  0.00 0.09303602 0.00190811 3.13910000 4.00000000
-3.03000000  2.00  1.00  0.00 0.12205845 0.00239200 3.13910000 4.00000000
-3.07000000  2.00  1.00  0.00 0.19392256 0.00362037 3.13910000 4.00000000
-3.11000000  2.00  1.00  0.00 0.61722789 0.01034536 3.13910000 4.00000000
-3.15000000  2.00  1.00  0.00 0.37452039 0.00691520 3.13910000 2.00000000
-3.19000000  2.00  1.00  0.00 0.12793330 0.00264350 3.13910000 2.00000000
-3.23000000  2.00  1.00  0.00 0.06846815 0.00147689 3.13910000 2.00000000
-3.27000000  2.00  1.00  0.00 0.04495411 0.00100673 3.13910000 2.00000000
-3.31000000  2.00  1.00  0.00 0.03179308 0.00082889 3.13910000 2.00000000
-3.35000000  2.00  1.00  0.00 0.02877415 0.00074623 3.13910000 2.00000000
-3.39000000  2.00  1.00  0.00 0.02595728 0.00073116 3.13910000 2.00000000
-3.43000000  2.00  1.00  0.00 0.02720007 0.00074729 3.13910000 2.00000000
-3.51000000  2.00  1.00  0.00 0.02661747 0.00068564 3.13910000 2.00000000
-3.63000000  2.00  1.00  0.00 0.02908907 0.00073351 3.13910000 2.00000000
-3.75000000  2.00  1.00  0.00 0.03353865 0.00088999 3.13910000 2.00000000
-3.87000000  2.00  1.00  0.00 0.03339053 0.00087864 3.13910000 2.00000000
-3.99000000  2.00  1.00  0.00 0.03343081 0.00088249 3.13910000 2.00000000
-4.11000000  2.00  1.00  0.00 0.03284398 0.00089095 3.13910000 2.00000000
-4.23000000  2.00  1.00  0.00 0.03412469 0.00088444 3.13910000 2.00000000
-4.35000000  2.00  1.00  0.00 0.03281308 0.00091655 3.13910000 2.00000000
-4.47000000  2.00  1.00  0.00 0.03477894 0.00093274 3.13910000 2.00000000
-4.59000000  2.00  1.00  0.00 0.04141649 0.00099681 3.13910000 2.00000000
-4.71000000  2.00  1.00  0.00 0.05325432 0.00119121 3.13910000 2.00000000
-4.83000000  2.00  1.00  0.00 0.07573595 0.00162116 3.13910000 2.00000000
-4.87000000  2.00  1.00  0.00 0.08827608 0.00181635 3.13910000 2.00000000
-4.91000000  2.00  1.00  0.00 0.09912217 0.00200200 3.13910000 2.00000000
-4.95000000  2.00  1.00  0.00 0.11680570 0.00230379 3.13910000 2.00000000
-4.99000000  2.00  1.00  0.00 0.14943263 0.00283001 3.13910000 2.00000000
-5.03000000  2.00  1.00  0.00 0.19947000 0.00367198 3.13910000 2.00000000
-5.07000000  2.00  1.00  0.00 0.32009079 0.00567438 3.13910000 2.00000000
-5.11000000  2.00  1.00  0.00 0.87945095 0.01462034 3.13910000 2.00000000
-5.15000000  2.00  1.00  0.00 0.99725428 0.01708648 3.13910000 2.00000000
-5.19000000  2.00  1.00  0.00 0.30395686 0.00588445 3.13910000 2.00000000
-5.23000000  2.00  1.00  0.00 0.17750990 0.00344807 3.13910000 2.00000000
-5.27000000  2.00  1.00  0.00 0.11928124 0.00241446 3.13910000 2.00000000
-5.31000000  2.00  1.00  0.00 0.08969145 0.00187265 3.13910000 2.00000000
-5.35000000  2.00  1.00  0.00 0.07206901 0.00160397 3.13910000 2.00000000
-5.39000000  2.00  1.00  0.00 0.05757581 0.00139040 3.13910000 2.00000000
-5.43000000  2.00  1.00  0.00 0.05152754 0.00131189 3.13910000 2.00000000
-5.55000000  2.00  1.00  0.00 0.03939043 0.00116973 3.13910000 2.00000000
-5.67000000  2.00  1.00  0.00 0.03853076 0.00127407 3.13910000 2.00000000
-5.79000000  2.00  1.00  0.00 0.03257530 0.00138268 3.13910000 2.00000000
-5.91000000  2.00  1.00  0.00 0.02853715 0.00115781 3.13910000 2.00000000
-6.03000000  2.00  1.00  0.00 0.03052542 0.00106759 3.13910000 2.00000000
-6.15000000  2.00  1.00  0.00 0.03260147 0.00124677 3.13910000 2.00000000
-6.27000000  2.00  1.00  0.00 0.03585758 0.00143794 3.13910000 2.00000000
-6.39000000  2.00  1.00  0.00 0.03707315 0.00123655 3.13910000 2.00000000
-6.51000000  2.00  1.00  0.00 0.03877953 0.00141661 3.13910000 2.00000000
0.61100000  2.00  2.00  0.00 0.04923479 0.00090558 1.72180000 2.00000000
0.73100000  2.00  2.00  0.00 0.05140097 0.00095429 1.72180000 2.00000000
0.85100000  2.00  2.00  0.00 0.06337772 0.00121408 1.72180000 2.00000000
0.97100000  2.00  2.00  0.00 0.08233829 0.00157752 1.72180000 2.00000000
1.09100000  2.00  2.00  0.00 0.10856745 0.00211314 1.72180000 2.00000000
1.21100000  2.00  2.00  0.00 0.14525415 0.00285494 1.72180000 2.00000000
1.33100000  2.00  2.00  0.00 0.20462642 0.00378782 1.72180000 2.00000000
1.45100000  2.00  2.00  0.00 0.30635769 0.00535783 1.72180000 2.00000000
1.49100000  2.00  2.00  0.00 0.36158273 0.00619962 1.72180000 2.00000000
1.53100000  2.00  2.00  0.00 0.44122168 0.00741042 1.72180000 2.00000000
1.57100000  2.00  2.00  0.00 0.56089006 0.00921953 1.72180000 2.00000000
1.61100000  2.00  2.00  0.00 0.76303283 0.01225921 1.72180000 2.00000000
1.65100000  2.00  2.00  0.00 1.18852050 0.01867370 1.72180000 2.00000000
1.69100000  2.00  2.00  0.00 2.48029821 0.03961436 1.72180000 2.00000000
1.73100000  2.00  2.00  0.00 15.65490247 0.25360896 1.72180000 2.00000000
1.77100000  2.00  2.00  0.00 1.87042166 0.03055498 1.72180000 2.00000000
1.81100000  2.00  2.00  0.00 1.02391118 0.01625882 1.72180000 2.00000000
1.85100000  2.00  2.00  0.00 0.69938012 0.01139126 1.72180000 2.00000000
1.89100000  2.00  2.00  0.00 0.53058062 0.00886616 1.72180000 2.00000000
1.93100000  2.00  2.00  0.00 0.42515497 0.00729639 1.72180000 2.00000000
1.97100000  2.00  2.00  0.00 0.35543652 0.00626623 1.72180000 2.00000000
2.01100000  2.00  2.00  0.00 0.30345146 0.00549178 1.72180000 2.00000000
2.05100000  2.00  2.00  0.00 0.26506532 0.00494616 1.72180000 2.00000000
2.17100000  2.00  2.00  0.00 0.19365164 0.00391349 1.72180000 2.00000000
2.29100000  2.00  2.00  0.00 0.15196593 0.00305652 1.72180000 2.00000000
2.41100000  2.00  2.00  0.00 0.12627059 0.00250768 1.72180000 2.00000000
2.53100000  2.00  2.00  0.00 0.10950727 0.00225195 1.72180000 2.00000000
2.65100000  2.00  2.00  0.00 0.09619598 0.00204496 1.72180000 2.00000000
2.77100000  2.00  2.00  0.00 0.09723875 0.00205616 1.72180000 2.00000000
2.89100000  2.00  2.00  0.00 0.09609378 0.00212967 1.72180000 2.00000000
3.01100000  2.00  2.00  0.00 0.10216764 0.00223626 1.72180000 2.00000000
3.13100000  2.00  2.00  0.00 0.11536186 0.00252330 1.72180000 2.00000000
3.25100000  2.00  2.00  0.00 0.12956943 0.00287197 1.72180000 2.00000000
3.37100000  2.00  2.00  0.00 0.16670436 0.00338895 1.72180000 2.00000000
3.45100000  2.00  2.00  0.00 0.20754510 0.00413288 1.72180000 2.00000000
3.49100000  2.00  2.00  0.00 0.23510674 0.00465169 1.72180000 2.00000000
3.53100000  2.00  2.00  0.00 0.27493231 0.00546347 1.72180000 2.00000000
3.57100000  2.00  2.00  0.00 0.33341818 0.00642918 1.72180000 2.00000000
3.61100000  2.00  2.00  0.00 0.43283509 0.00792062 1.72180000 2.00000000
3.65100000  2.00  2.00  0.00 0.63723122 0.01101654 1.72180000 2.00000000
3.69100000  2.00  2.00  0.00 1.31643036 0.02127950 1.72180000 2.00000000
3.73100000  2.00  2.00  0.00 8.31690709 0.12906497 1.72180000 2.00000000
3.77100000  2.00  2.00  0.00 0.89663673 0.01496512 1.72180000 2.00000000
3.81100000  2.00  2.00  0.00 0.44948881 0.00824042 1.72180000 2.00000000
3.85100000  2.00  2.00  0.00 0.28829523 0.00588562 1.72180000 2.00000000
3.89100000  2.00  2.00  0.00 0.20861221 0.00408467 1.72180000 2.00000000
3.93100000  2.00  2.00  0.00 0.15801357 0.00309436 1.72180000 2.00000000
3.97100000  2.00  2.00  0.00 0.12465854 0.00263688 1.72180000 2.00000000
4.01100000  2.00  2.00  0.00 0.10250007 0.00214808 1.72180000 2.00000000
4.09100000  2.00  2.00  0.00 0.06799805 0.00140983 1.72180000 2.00000000
4.21100000  2.00  2.00  0.00 0.05442937 0.00121091 1.72180000 2.00000000
4.33100000  2.00  2.00  0.00 0.05542702 0.00120813 1.72180000 2.00000000
4.45100000  2.00  2.00  0.00 0.06182935 0.00130646 1.72180000 2.00000000
4.57100000  2.00  2.00  0.00 0.06862431 0.00147798 1.72180000 2.00000000
4.69100000  2.00  2.00  0.00 0.08504903 0.00176311 1.72180000 2.00000000
4.81100000  2.00  2.00  0.00 0.09502811 0.00197465 1.72180000 2.00000000
4.93100000  2.00  2.00  0.00 0.10825246 0.00219786 1.72180000 2.00000000
5.05100000  2.00  2.00  0.00 0.12486798 0.00248844 1.72180000 2.00000000
5.17100000  2.00  2.00  0.00 0.15080930 0.00293554 1.72180000 2.00000000
5.29100000  2.00  2.00  0.00 0.18407354 0.00353322 1.72180000 2.00000000
5.41100000  2.00  2.00  0.00 0.24226791 0.00451484 1.72180000 2.00000000
5.45100000  2.00  2.00  0.00 0.27217385 0.00513903 1.72180000 2.00000000
5.49100000  2.00  2.00  0.00 0.31422245 0.00592986 1.72180000 2.00000000
5.53100000  2.00  2.00  0.00 0.37361065 0.00693851 1.72180000 2.00000000
5.57100000  2.00  2.00  0.00 0.45804485 0.00855236 1.72180000 2.00000000
5.61100000  2.00  2.00  0.00 0.60980754 0.01115282 1.72180000 2.00000000
5.65100000  2.00  2.00  0.00 0.93762962 0.01643760 1.72180000 2.00000000
5.69100000  2.00  2.00  0.00 2.16260043 0.03490000 1.72180000 2.00000000
5.73100000  2.00  2.00  0.00 5.89688193 0.09149594 1.72180000 2.00000000
5.77100000  2.00  2.00  0.00 1.17771832 0.02010249 1.72180000 2.00000000
5.81100000  2.00  2.00  0.00 0.63514466 0.01200566 1.72180000 2.00000000
5.85100000  2.00  2.00  0.00 0.42311666 0.00805628 1.72180000 2.00000000
5.89100000  2.00  2.00  0.00 0.31451153 0.00595519 1.72180000 2.00000000
5.93100000  2.00  2.00  0.00 0.24323446 0.00462596 1.72180000 2.00000000
5.97100000  2.00  2.00  0.00 0.19847832 0.00380148 1.72180000 2.00000000
6.01100000  2.00  2.00  0.00 0.16428879 0.00326067 1.72180000 2.00000000
6.13100000  2.00  2.00  0.00 0.09550095 0.00191646 1.72180000 2.00000000
6.25100000  2.00  2.00  0.00 0.06282013 0.00138982 1.72180000 2.00000000
6.37100000  2.00  2.00  0.00 0.04707288 0.00128991 1.72180000 2.00000000
-0.61100000  2.00  2.00  0.00 0.25701810 0.00426278 6.27820000 2.00000000
-0.73100000  2.00  2.00  0.00 0.21376359 0.00367875 6.27820000 2.00000000
-0.85100000  2.00  2.00  0.00 0.18422129 0.00329758 6.27820000 2.00000000
-0.97100000  2.00  2.00  0.00 0.15637013 0.00292954 6.27820000 2.00000000
-1.09100000  2.00  2.00  0.00 0.13836475 0.00268559 6.27820000 2.00000000
-1.21100000  2.00  2.00  0.00 0.12231065 0.00238688 6.27820000 2.00000000
-1.33100000  2.00  2.00  0.00 0.11189663 0.00217963 6.27820000 2.00000000
-1.45100000  2.00  2.00  0.00 0.10366785 0.00207370 6.27820000 2.00000000
-1.57100000  2.00  2.00  0.00 0.09854314 0.00209303 6.27820000 2.00000000
-1.69100000  2.00  2.00  0.00 0.09442283 0.00205416 6.27820000 2.00000000
-1.81100000  2.00  2.00  0.00 0.09818546 0.00229717 6.27820000 2.00000000
-1.93100000  2.00  2.00  0.00 0.11155996 0.00257951 6.27820000 2.00000000
-2.01100000  2.00  2.00  0.00 0.12579799 0.00278913 6.27820000 2.00000000
-2.05100000  2.00  2.00  0.00 0.14081594 0.00306237 6.27820000 2.00000000
-2.09100000  2.00  2.00  0.00 0.15876244 0.00337676 6.27820000 2.00000000
-2.13100000  2.00  2.00  0.00 0.19506687 0.00391566 6.27820000 2.00000000
-2.17100000  2.00  2.00  0.00 0.25682577 0.00485019 6.27820000 2.00000000
-2.21100000  2.00  2.00  0.00 0.42361334 0.00737047 6.27820000 2.00000000
-2.25100000  2.00  2.00  0.00 1.73809555 0.02751825 6.27820000 2.00000000
-2.29100000  2.00  2.00  0.00 0.77533902 0.01267070 6.27820000 2.00000000
-2.33100000  2.00  2.00  0.00 0.29403084 0.00546571 6.27820000 2.00000000
-2.37100000  2.00  2.00  0.00 0.16994052 0.00366471 6.27820000 2.00000000
-2.41100000  2.00  2.00  0.00 0.12385313 0.00259948 6.27820000 2.00000000
-2.45100000  2.00  2.00  0.00 0.09204350 0.00215091 6.27820000 2.00000000
-2.49100000  2.00  2.00  0.00 0.07265125 0.00170938 6.27820000 2.00000000
-2.53100000  2.00  2.00  0.00 0.06682928 0.00152448 6.27820000 2.00000000
-2.57100000  2.00  2.00  0.00 0.05091298 0.00125584 6.27820000 2.00000000
-2.65100000  2.00  2.00  0.00 0.04495842 0.00100396 6.27820000 2.00000000
-2.77100000  2.00  2.00  0.00 0.03678364 0.00092868 6.27820000 2.00000000
-2.89100000  2.00  2.00  0.00 0.03677436 0.00085488 6.27820000 2.00000000
-3.01100000  2.00  2.00  0.00 0.04350406 0.00095976 6.27820000 2.00000000
-3.13100000  2.00  2.00  0.00 0.04897551 0.00111264 6.27820000 2.00000000
-3.25100000  2.00  2.00  0.00 0.06111917 0.00138980 6.27820000 2.00000000
-3.37100000  2.00  2.00  0.00 0.07271843 0.00159847 6.27820000 2.00000000
-3.49100000  2.00  2.00  0.00 0.08274494 0.00180707 6.27820000 2.00000000
-3.61100000  2.00  2.00  0.00 0.10193949 0.00210970 6.27820000 2.00000000
-3.73100000  2.00  2.00  0.00 0.12849270 0.00258398 6.27820000 2.00000000
-3.85100000  2.00  2.00  0.00 0.17377351 0.00336858 6.27820000 2.00000000
-3.97100000  2.00  2.00  0.00 0.24171666 0.00455020 6.27820000 2.00000000
-4.01100000  2.00  2.00  0.00 0.28111158 0.00539645 6.27820000 2.00000000
-4.05100000  2.00  2.00  0.00 0.32741823 0.00634725 6.27820000 2.00000000
-4.09100000  2.00  2.00  0.00 0.40178352 0.00761822 6.27820000 2.00000000
-4.13100000  2.00  2.00  0.00 0.51184148 0.00928635 6.27820000 2.00000000
-4.17100000  2.00  2.00  0.00 0.72539937 0.01251536 6.27820000 2.00000000
-4.21100000  2.00  2.00  0.00 1.19684901 0.01963085 6.27820000 2.00000000
-4.25100000  2.00  2.00  0.00 3.66433605 0.05698767 6.27820000 2.00000000
-4.29100000  2.00  2.00  0.00 3.47078117 0.05403944 6.27820000 2.00000000
-4.33100000  2.00  2.00  0.00 1.15541777 0.01905610 6.27820000 2.00000000
-4.37100000  2.00  2.00  0.00 0.68616858 0.01201444 6.27820000 2.00000000
-4.41100000  2.00  2.00  0.00 0.48073139 0.00893226 6.27820000 2.00000000
-4.45100000  2.00  2.00  0.00 0.37803088 0.00743532 6.27820000 2.00000000
-4.49100000  2.00  2.00  0.00 0.30255862 0.00622435 6.27820000 2.00000000
-4.53100000  2.00  2.00  0.00 0.25541214 0.00517916 6.27820000 2.00000000
-4.57100000  2.00  2.00  0.00 0.22018321 0.00444802 6.27820000 2.00000000
-4.69100000  2.00  2.00  0.00 0.14770079 0.00288452 6.27820000 2.00000000
-4.81100000  2.00  2.00  0.00 0.10965481 0.00219318 6.27820000 2.00000000
-4.93100000  2.00  2.00  0.00 0.08861615 0.00188469 6.27820000 2.00000000
-5.05100000  2.00  2.00  0.00 0.06032956 0.00131201 6.27820000 2.00000000
-5.17100000  2.00  2.00  0.00 0.05583589 0.00132348 6.27820000 2.00000000
-5.29100000  2.00  2.00  0.00 0.04054296 0.00105425 6.27820000 2.00000000
-5.41100000  2.00  2.00  0.00 0.03578763 0.00109028 6.27820000 2.00000000
-5.53100000  2.00  2.00  0.00 0.03892232 0.00158394 6.27820000 2.00000000
-5.65100000  2.00  2.00  0.00 0.04487030 0.00127205 6.27820000 2.00000000
-5.77100000  2.00  2.00  0.00 0.04555551 0.00194627 6.27820000 2.00000000
-5.89100000  2.00  2.00  0.00 0.04790074 0.00195997 6.27820000 2.00000000
-6.01100000  2.00  2.00  0.00 0.03849812 0.00204996 6.27820000 2.00000000
-6.05100000  2.00  2.00  0.00 0.04077855 0.00227183 6.27820000 2.00000000
-6.09100000  2.00  2.00  0.00 0.04844859 0.00186438 6.27820000 2.00000000
-6.13100000  2.00  2.00  0.00 0.05251939 0.00139499 6.27820000 2.00000000
-6.17100000  2.00  2.00  0.00 0.06823282 0.00154370 6.27820000 2.00000000
-6.21100000  2.00  2.00  0.00 0.12650966 0.00240439 6.27820000 2.00000000
-6.25100000  2.00  2.00  0.00 0.34147043 0.00574302 6.27820000 2.00000000
-6.29100000  2.00  2.00  0.00 0.84789468 0.01416884 6.27820000 2.00000000
-6.33100000  2.00  2.00  0.00 0.22759071 0.00439313 6.27820000 2.00000000
-6.37100000  2.00  2.00  0.00 0.14339026 0.00281496 6.27820000 2.00000000
1.50000000  2.00  0.00  0.00 0.02857439 0.00069991 2.00000000 2.00000000
1.62000000  2.00  0.00  0.00 0.02927920 0.00072263 2.00000000 2.00000000
1.74000000  2.00  0.00  0.00 0.04568889 0.00098272 2.00000000 2.00000000
1.78000000  2.00  0.00  0.00 0.05535931 0.00125805 2.00000000 2.00000000
1.82000000  2.00  0.00  0.00 0.06991861 0.00149606 2.00000000 2.00000000
1.86000000  2.00  0.00  0.00 0.09163010 0.00189863 2.00000000 2.00000000
1.90000000  2.00  0.00  0.00 0.13858933 0.00272280 2.00000000 2.00000000
1.94000000  2.00  0.00  0.00 0.22799347 0.00429493 2.00000000 2.00000000
1.98000000  2.00  0.00  0.00 0.53532253 0.00896952 2.00000000 2.00000000
2.02000000  2.00  0.00  0.00 4.90707992 0.08096156 2.00000000 2.00000000
2.06000000  2.00  0.00  0.00 0.51758347 0.00873184 2.00000000 2.00000000
2.10000000  2.00  0.00  0.00 0.29781801 0.00545356 2.00000000 2.00000000
2.14000000  2.00  0.00  0.00 0.22141316 0.00433116 2.00000000 2.00000000
2.18000000  2.00  0.00  0.00 0.18640114 0.00381980 2.00000000 2.00000000
2.22000000  2.00  0.00  0.00 0.16399988 0.00340037 2.00000000 2.00000000
2.26000000  2.00  0.00  0.00 0.14969048 0.00308830 2.00000000 2.00000000
2.34000000  2.00  0.00  0.00 0.13585335 0.00279178 2.00000000 2.00000000
2.46000000  2.00  0.00  0.00 0.13016700 0.00260755 2.00000000 2.00000000
2.58000000  2.00  0.00  0.00 0.12357445 0.00245345 2.00000000 2.00000000
2.70000000  2.00  0.00  0.00 0.12745481 0.00253904 2.00000000 2.00000000
2.82000000  2.00  0.00  0.00 0.12813708 0.00269662 2.00000000 2.00000000
2.94000000  2.00  0.00  0.00 0.13305239 0.00293382 2.00000000 2.00000000
3.06000000  2.00  0.00  0.00 0.13959324 0.00312954 2.00000000 2.00000000
0.61100000  0.00  0.00  0.00 0.14484901 0.00257885 2.00000000 2.00000000
0.81100000  0.00  0.00  0.00 0.08565638 0.00163444 2.00000000 2.00000000
1.01100000  0.00  0.00  0.00 0.05536294 0.00108657 2.00000000 2.00000000
1.21100000  0.00  0.00  0.00 0.04141622 0.00093638 2.00000000 2.00000000
1.41100000  0.00  0.00  0.00 0.03816629 0.00095875 2.00000000 2.00000000
1.61100000  0.00  0.00  0.00 0.05840163 0.00132664 2.00000000 2.00000000
1.74433000  0.00  0.00  0.00 0.11521453 0.00248134 2.00000000 2.00000000
1.81100000  0.00  0.00  0.00 0.18220226 0.00404917 2.00000000 2.00000000
1.87767000  0.00  0.00  0.00 0.34583676 0.00651359 2.00000000 2.00000000
1.94433000  0.00  0.00  0.00 1.23851390 0.01989866 2.00000000 2.00000000
2.01100000  0.00  0.00  0.00 1.25482358 0.02019911 2.00000000 2.00000000
2.07767000  0.00  0.00  0.00 0.47469740 0.00855646 2.00000000 2.00000000
2.14433000  0.00  0.00  0.00 0.31928114 0.00630069 2.00000000 2.00000000
2.21100000  0.00  0.00  0.00 0.26113643 0.00550710 2.00000000 2.00000000
2.27767000  0.00  0.00  0.00 0.21659113 0.00487647 2.00000000 2.00000000
2.41100000  0.00  0.00  0.00 0.17789973 0.00441454 2.00000000 2.00000000
2.61100000  0.00  0.00  0.00 0.16664857 0.00381736 2.00000000 2.00000000
2.81100000  0.00  0.00  0.00 0.16345251 0.00387589 2.00000000 2.00000000
3.01100000  0.00  0.00  0.00 0.17328796 0.00404546 2.00000000 2.00000000
3.21100000  0.00  0.00  0.00 0.19440005 0.00459378 2.00000000 2.00000000
3.41100000  0.00  0.00  0.00 0.24894097 0.00584526 2.00000000 2.00000000
3.61100000  0.00  0.00  0.00 0.36275122 0.00814635 2.00000000 2.00000000
3.74433000  0.00  0.00  0.00 0.53645941 0.01085912 2.00000000 2.00000000
3.81100000  0.00  0.00  0.00 0.72599099 0.01376155 2.00000000 2.00000000
3.87767000  0.00  0.00  0.00 1.17112648 0.02050457 2.00000000 2.00000000
3.94433000  0.00  0.00  0.00 3.35689517 0.05880613 2.00000000 2.00000000
4.01100000  0.00  0.00  0.00 2.84254270 0.04578732 2.00000000 2.00000000
4.07767000  0.00  0.00  0.00 0.92070484 0.01695913 2.00000000 2.00000000
4.14433000  0.00  0.00  0.00 0.52277770 0.01106482 2.00000000 2.00000000
4.21100000  0.00  0.00  0.00 0.34444632 0.00854364 2.00000000 2.00000000
4.27767000  0.00  0.00  0.00 0.25184459 0.00615341 2.00000000 2.00000000
4.41100000  0.00  0.00  0.00 0.14773364 0.00370970 2.00000000 2.00000000
4.61100000  0.00  0.00  0.00 0.07996499 0.00221467 2.00000000 2.00000000
4.81100000  0.00  0.00  0.00 0.05537369 0.00151181 2.00000000 2.00000000
5.01100000  0.00  0.00  0.00 0.05564593 0.00171132 2.00000000 2.00000000
5.21100000  0.00  0.00  0.00 0.06655071 0.00204932 2.00000000 2.00000000
5.41100000  0.00  0.00  0.00 0.08045388 0.00236458 2.00000000 2.00000000
5.61100000  0.00  0.00  0.00 0.10517323 0.00271418 2.00000000 2.00000000
5.74433000  0.00  0.00  0.00 0.15454558 0.00373272 2.00000000 2.00000000
5.81100000  0.00  0.00  0.00 0.20749513 0.00502377 2.00000000 2.00000000
5.87767000  0.00  0.00  0.00 0.35641556 0.00782604 2.00000000 2.00000000
5.94433000  0.00  0.00  0.00 1.10131138 0.02043504 2.00000000 2.00000000
6.01100000  0.00  0.00  0.00 0.92135269 0.01979088 2.00000000 2.00000000
6.07767000  0.00  0.00  0.00 0.30902152 0.00848900 2.00000000 2.00000000
6.14433000  0.00  0.00  0.00 0.18998062 0.00522076 2.00000000 2.00000000
6.21100000  0.00  0.00  0.00 0.14665019 0.00407038 2.00000000 2.00000000
6.27767000  0.00  0.00  0.00 0.12676429 0.00373879 2.00000000 2.00000000
1.50000000  2.00  0.00  0.00 0.02711215 0.00068211 2.00000000 2.00000000
1.62000000  2.00  0.00  0.00 0.02929561 0.00071356 2.00000000 2.00000000
1.74000000  2.00  0.00  0.00 0.04103712 0.00095084 2.00000000 2.00000000
1.78000000  2.00  0.00  0.00 0.05164335 0.00120645 2.00000000 2.00000000
1.82000000  2.00  0.00  0.00 0.06970807 0.00148015 2.00000000 2.00000000
1.86000000  2.00  0.00  0.00 0.09273567 0.00186259 2.00000000 2.00000000
1.90000000  2.00  0.00  0.00 0.13531012 0.00263612 2.00000000 2.00000000
1.94000000  2.00  0.00  0.00 0.22850055 0.00426083 2.00000000 2.00000000
1.98000000  2.00  0.00  0.00 0.52628314 0.00884662 2.00000000 2.00000000
2.02000000  2.00  0.00  0.00 5.45597988 0.08921195 2.00000000 2.00000000
2.06000000  2.00  0.00  0.00 0.52466897 0.00884696 2.00000000 2.00000000
2.10000000  2.00  0.00  0.00 0.29692834 0.00544225 2.00000000 2.00000000
2.14000000  2.00  0.00  0.00 0.22217016 0.00433383 2.00000000 2.00000000
2.18000000  2.00  0.00  0.00 0.18504045 0.00381290 2.00000000 2.00000000
2.22000000  2.00  0.00  0.00 0.16435698 0.00341894 2.00000000 2.00000000
2.26000000  2.00  0.00  0.00 0.14896383 0.00309479 2.00000000 2.00000000
2.34000000  2.00  0.00  0.00 0.13334797 0.00261938 2.00000000 2.00000000
2.46000000  2.00  0.00  0.00 0.12467252 0.00251247 2.00000000 2.00000000
2.58000000  2.00  0.00  0.00 0.12369228 0.00243320 2.00000000 2.00000000
2.70000000  2.00  0.00  0.00 0.12409672 0.00251563 2.00000000 2.00000000
2.82000000  2.00  0.00  0.00 0.12997485 0.00275185 2.00000000 2.00000000
2.94000000  2.00  0.00  0.00 0.13482980 0.00286389 2.00000000 2.00000000
3.06000000  2.00  0.00  0.00 0.13607566 0.00298185 2.00000000 2.00000000
