#2.50000e-01 0.00000e+00 0.00000e+00 0.00000e+00 3.34139e+01 1.56068e+00 2.00000e+00 2.00000e+00
2.90000e-01 0.00000e+00 0.00000e+00 0.00000e+00 1.39700e+01 5.97290e-01 2.00000e+00 2.00000e+00
3.70000e-01 0.00000e+00 0.00000e+00 0.00000e+00 1.99437e+00 7.57990e-02 2.00000e+00 2.00000e+00
4.90000e-01 0.00000e+00 0.00000e+00 0.00000e+00 1.18995e+00 4.08261e-02 2.00000e+00 2.00000e+00
6.10000e-01 0.00000e+00 0.00000e+00 0.00000e+00 3.11827e-01 3.16879e-02 2.00000e+00 2.00000e+00
7.30000e-01 0.00000e+00 0.00000e+00 0.00000e+00 1.41400e-01 7.56999e-03 2.00000e+00 2.00000e+00
8.50000e-01 0.00000e+00 0.00000e+00 0.00000e+00 7.32258e-02 2.82165e-03 2.00000e+00 2.00000e+00
1.09000e+00 0.00000e+00 0.00000e+00 0.00000e+00 1.42303e-01 4.37483e-03 2.00000e+00 2.00000e+00
1.21000e+00 0.00000e+00 0.00000e+00 0.00000e+00 2.18620e-01 6.65915e-03 2.00000e+00 2.00000e+00
1.21000e+00 0.00000e+00 0.00000e+00 0.00000e+00 2.22059e-01 7.32765e-03 2.00000e+00 2.00000e+00
1.33000e+00 0.00000e+00 0.00000e+00 0.00000e+00 3.07661e-01 9.34211e-03 2.00000e+00 2.00000e+00
1.45000e+00 0.00000e+00 0.00000e+00 0.00000e+00 4.04280e-01 1.23146e-02 2.00000e+00 2.00000e+00
1.57000e+00 0.00000e+00 0.00000e+00 0.00000e+00 5.16789e-01 1.59570e-02 2.00000e+00 2.00000e+00
1.69000e+00 0.00000e+00 0.00000e+00 0.00000e+00 7.01214e-01 2.25146e-02 2.00000e+00 2.00000e+00
1.73000e+00 0.00000e+00 0.00000e+00 0.00000e+00 8.00367e-01 2.63911e-02 2.00000e+00 2.00000e+00
1.77000e+00 0.00000e+00 0.00000e+00 0.00000e+00 9.30511e-01 3.19544e-02 2.00000e+00 2.00000e+00
1.81000e+00 0.00000e+00 0.00000e+00 0.00000e+00 1.07278e+00 4.07910e-02 2.00000e+00 2.00000e+00
1.85000e+00 0.00000e+00 0.00000e+00 0.00000e+00 1.36753e+00 5.89526e-02 2.00000e+00 2.00000e+00
1.89000e+00 0.00000e+00 0.00000e+00 0.00000e+00 1.87151e+00 1.30508e-01 2.00000e+00 2.00000e+00
2.09000e+00 0.00000e+00 0.00000e+00 0.00000e+00 8.18925e-01 7.68299e-02 2.00000e+00 2.00000e+00
2.13000e+00 0.00000e+00 0.00000e+00 0.00000e+00 2.72065e-01 2.17289e-02 2.00000e+00 2.00000e+00
2.17000e+00 0.00000e+00 0.00000e+00 0.00000e+00 1.56955e-01 6.75313e-03 2.00000e+00 2.00000e+00
2.21000e+00 0.00000e+00 0.00000e+00 0.00000e+00 9.55991e-02 3.90378e-03 2.00000e+00 2.00000e+00
2.25000e+00 0.00000e+00 0.00000e+00 0.00000e+00 7.26948e-02 2.76976e-03 2.00000e+00 2.00000e+00
2.29000e+00 0.00000e+00 0.00000e+00 0.00000e+00 6.44097e-02 2.39513e-03 2.00000e+00 2.00000e+00
2.41000e+00 0.00000e+00 0.00000e+00 0.00000e+00 6.56882e-02 2.30399e-03 2.00000e+00 2.00000e+00
2.53000e+00 0.00000e+00 0.00000e+00 0.00000e+00 7.81535e-02 2.66828e-03 2.00000e+00 2.00000e+00
2.65000e+00 0.00000e+00 0.00000e+00 0.00000e+00 7.87322e-02 2.70715e-03 2.00000e+00 2.00000e+00
2.77000e+00 0.00000e+00 0.00000e+00 0.00000e+00 8.02417e-02 2.77651e-03 2.00000e+00 2.00000e+00
2.89000e+00 0.00000e+00 0.00000e+00 0.00000e+00 8.16948e-02 2.89735e-03 2.00000e+00 2.00000e+00
3.13000e+00 0.00000e+00 0.00000e+00 0.00000e+00 9.23355e-02 3.18377e-03 2.00000e+00 2.00000e+00
3.25000e+00 0.00000e+00 0.00000e+00 0.00000e+00 1.06757e-01 3.68969e-03 2.00000e+00 2.00000e+00
3.37000e+00 0.00000e+00 0.00000e+00 0.00000e+00 1.22186e-01 4.24817e-03 2.00000e+00 2.00000e+00
3.49000e+00 0.00000e+00 0.00000e+00 0.00000e+00 1.51990e-01 5.29180e-03 2.00000e+00 2.00000e+00
3.61000e+00 0.00000e+00 0.00000e+00 0.00000e+00 2.05809e-01 7.18910e-03 2.00000e+00 2.00000e+00
3.73000e+00 0.00000e+00 0.00000e+00 0.00000e+00 3.32680e-01 1.20242e-02 2.00000e+00 2.00000e+00
3.77000e+00 0.00000e+00 0.00000e+00 0.00000e+00 4.22571e-01 1.55887e-02 2.00000e+00 2.00000e+00
3.81000e+00 0.00000e+00 0.00000e+00 0.00000e+00 5.95133e-01 2.29846e-02 2.00000e+00 2.00000e+00
3.85000e+00 0.00000e+00 0.00000e+00 0.00000e+00 8.52567e-01 3.61586e-02 2.00000e+00 2.00000e+00
3.89000e+00 0.00000e+00 0.00000e+00 0.00000e+00 1.30108e+00 7.14520e-02 2.00000e+00 2.00000e+00
3.93000e+00 0.00000e+00 0.00000e+00 0.00000e+00 3.11981e+00 2.72649e-01 2.00000e+00 2.00000e+00
4.05000e+00 0.00000e+00 0.00000e+00 0.00000e+00 7.40574e+00 1.44424e+00 2.00000e+00 2.00000e+00
4.09000e+00 0.00000e+00 0.00000e+00 0.00000e+00 2.16034e+00 1.33545e-01 2.00000e+00 2.00000e+00
4.13000e+00 0.00000e+00 0.00000e+00 0.00000e+00 9.69547e-01 4.61517e-02 2.00000e+00 2.00000e+00
4.17000e+00 0.00000e+00 0.00000e+00 0.00000e+00 5.10505e-01 2.16758e-02 2.00000e+00 2.00000e+00
4.21000e+00 0.00000e+00 0.00000e+00 0.00000e+00 3.06326e-01 1.25959e-02 2.00000e+00 2.00000e+00
4.25000e+00 0.00000e+00 0.00000e+00 0.00000e+00 2.00596e-01 8.47599e-03 2.00000e+00 2.00000e+00
4.29000e+00 0.00000e+00 0.00000e+00 0.00000e+00 1.36057e-01 5.83442e-03 2.00000e+00 2.00000e+00
4.33000e+00 0.00000e+00 0.00000e+00 0.00000e+00 9.05272e-02 3.81657e-03 2.00000e+00 2.00000e+00
4.45000e+00 0.00000e+00 0.00000e+00 0.00000e+00 3.13189e-02 1.72725e-03 2.00000e+00 2.00000e+00
4.57000e+00 0.00000e+00 0.00000e+00 0.00000e+00 9.95781e-03 1.07877e-03 2.00000e+00 2.00000e+00
4.69000e+00 0.00000e+00 0.00000e+00 0.00000e+00 6.07823e-03 1.10657e-03 2.00000e+00 2.00000e+00
4.81000e+00 0.00000e+00 0.00000e+00 0.00000e+00 1.63076e-03 9.76099e-04 2.00000e+00 2.00000e+00
4.93000e+00 0.00000e+00 0.00000e+00 0.00000e+00 3.78345e-03 1.06826e-03 2.00000e+00 2.00000e+00
5.05000e+00 0.00000e+00 0.00000e+00 0.00000e+00 1.09338e-02 1.41793e-03 2.00000e+00 2.00000e+00
5.17000e+00 0.00000e+00 0.00000e+00 0.00000e+00 1.58421e-02 1.60444e-03 2.00000e+00 2.00000e+00
5.29000e+00 0.00000e+00 0.00000e+00 0.00000e+00 4.24254e-02 2.01839e-03 2.00000e+00 2.00000e+00
5.41000e+00 0.00000e+00 0.00000e+00 0.00000e+00 9.32675e-02 3.62733e-03 2.00000e+00 2.00000e+00
5.53000e+00 0.00000e+00 0.00000e+00 0.00000e+00 1.94659e-01 7.01160e-03 2.00000e+00 2.00000e+00
5.65000e+00 0.00000e+00 0.00000e+00 0.00000e+00 4.28020e-01 1.51689e-02 2.00000e+00 2.00000e+00
5.73000e+00 0.00000e+00 0.00000e+00 0.00000e+00 8.04015e-01 2.93734e-02 2.00000e+00 2.00000e+00
5.77000e+00 0.00000e+00 0.00000e+00 0.00000e+00 1.18346e+00 4.36888e-02 2.00000e+00 2.00000e+00
5.81000e+00 0.00000e+00 0.00000e+00 0.00000e+00 1.79858e+00 6.94792e-02 2.00000e+00 2.00000e+00
5.85000e+00 0.00000e+00 0.00000e+00 0.00000e+00 3.06219e+00 1.30409e-01 2.00000e+00 2.00000e+00
5.89000e+00 0.00000e+00 0.00000e+00 0.00000e+00 5.38619e+00 2.90689e-01 2.00000e+00 2.00000e+00
5.93000e+00 0.00000e+00 0.00000e+00 0.00000e+00 1.24732e+01 1.16481e+00 2.00000e+00 2.00000e+00
6.05000e+00 0.00000e+00 0.00000e+00 0.00000e+00 5.36012e+01 9.40981e+00 2.00000e+00 2.00000e+00
6.09000e+00 0.00000e+00 0.00000e+00 0.00000e+00 1.66397e+01 1.00101e+00 2.00000e+00 2.00000e+00
6.13000e+00 0.00000e+00 0.00000e+00 0.00000e+00 8.01933e+00 3.74217e-01 2.00000e+00 2.00000e+00
6.17000e+00 0.00000e+00 0.00000e+00 0.00000e+00 4.82445e+00 1.96279e-01 2.00000e+00 2.00000e+00
6.21000e+00 0.00000e+00 0.00000e+00 0.00000e+00 3.31775e+00 1.24783e-01 2.00000e+00 2.00000e+00
6.25000e+00 0.00000e+00 0.00000e+00 0.00000e+00 2.42646e+00 8.72292e-02 2.00000e+00 2.00000e+00
6.29000e+00 0.00000e+00 0.00000e+00 0.00000e+00 1.78829e+00 6.28494e-02 2.00000e+00 2.00000e+00
6.37000e+00 0.00000e+00 0.00000e+00 0.00000e+00 1.13892e+00 3.96940e-02 2.00000e+00 2.00000e+00
6.49000e+00 0.00000e+00 0.00000e+00 0.00000e+00 7.32334e-01 2.62619e-02 2.00000e+00 2.00000e+00
6.61000e+00 0.00000e+00 0.00000e+00 0.00000e+00 4.99327e-01 1.92939e-02 2.00000e+00 2.00000e+00
6.73000e+00 0.00000e+00 0.00000e+00 0.00000e+00 3.88522e-01 1.62452e-02 2.00000e+00 2.00000e+00
6.85000e+00 0.00000e+00 0.00000e+00 0.00000e+00 3.30174e-01 1.41130e-02 2.00000e+00 2.00000e+00
7.09000e+00 0.00000e+00 0.00000e+00 0.00000e+00 2.53959e-01 1.08094e-02 2.00000e+00 2.00000e+00
7.21000e+00 0.00000e+00 0.00000e+00 0.00000e+00 2.66201e-01 1.11791e-02 2.00000e+00 2.00000e+00
7.33000e+00 0.00000e+00 0.00000e+00 0.00000e+00 2.82957e-01 1.18253e-02 2.00000e+00 2.00000e+00
7.45000e+00 0.00000e+00 0.00000e+00 0.00000e+00 3.19207e-01 1.35838e-02 2.00000e+00 2.00000e+00
7.57000e+00 0.00000e+00 0.00000e+00 0.00000e+00 3.95381e-01 1.64261e-02 2.00000e+00 2.00000e+00
7.69000e+00 0.00000e+00 0.00000e+00 0.00000e+00 6.08882e-01 2.41524e-02 2.00000e+00 2.00000e+00
7.73000e+00 0.00000e+00 0.00000e+00 0.00000e+00 6.84894e-01 2.89230e-02 2.00000e+00 2.00000e+00
7.77000e+00 0.00000e+00 0.00000e+00 0.00000e+00 9.00836e-01 3.70438e-02 2.00000e+00 2.00000e+00
7.81000e+00 0.00000e+00 0.00000e+00 0.00000e+00 1.13338e+00 4.78050e-02 2.00000e+00 2.00000e+00
7.85000e+00 0.00000e+00 0.00000e+00 0.00000e+00 1.64744e+00 7.36106e-02 2.00000e+00 2.00000e+00
7.89000e+00 0.00000e+00 0.00000e+00 0.00000e+00 2.48170e+00 1.30024e-01 2.00000e+00 2.00000e+00
7.93000e+00 0.00000e+00 0.00000e+00 0.00000e+00 4.76887e+00 5.23143e-01 2.00000e+00 2.00000e+00
8.09000e+00 0.00000e+00 0.00000e+00 0.00000e+00 1.03061e+00 6.68600e-02 2.00000e+00 2.00000e+00
8.13000e+00 0.00000e+00 0.00000e+00 0.00000e+00 2.61873e-01 2.00634e-02 2.00000e+00 2.00000e+00
8.17000e+00 0.00000e+00 0.00000e+00 0.00000e+00 6.94645e-02 1.28004e-02 2.00000e+00 2.00000e+00
8.21000e+00 0.00000e+00 0.00000e+00 0.00000e+00 2.20051e-02 1.02292e-02 2.00000e+00 2.00000e+00
8.41000e+00 0.00000e+00 0.00000e+00 0.00000e+00 1.57242e-02 2.30686e-03 2.00000e+00 2.00000e+00
8.53000e+00 0.00000e+00 0.00000e+00 0.00000e+00 4.25940e-02 2.81793e-03 2.00000e+00 2.00000e+00
8.65000e+00 0.00000e+00 0.00000e+00 0.00000e+00 8.49345e-02 4.53686e-03 2.00000e+00 2.00000e+00
8.77000e+00 0.00000e+00 0.00000e+00 0.00000e+00 1.28154e-01 6.50448e-03 2.00000e+00 2.00000e+00
8.89000e+00 0.00000e+00 0.00000e+00 0.00000e+00 2.03681e-01 9.27732e-03 2.00000e+00 2.00000e+00
9.13000e+00 0.00000e+00 0.00000e+00 0.00000e+00 3.26767e-01 1.55695e-02 2.00000e+00 2.00000e+00
9.25000e+00 0.00000e+00 0.00000e+00 0.00000e+00 4.51366e-01 1.87760e-02 2.00000e+00 2.00000e+00
9.37000e+00 0.00000e+00 0.00000e+00 0.00000e+00 5.98621e-01 2.53311e-02 2.00000e+00 2.00000e+00
9.49000e+00 0.00000e+00 0.00000e+00 0.00000e+00 8.43885e-01 3.59030e-02 2.00000e+00 2.00000e+00
9.61000e+00 0.00000e+00 0.00000e+00 0.00000e+00 1.39537e+00 5.56836e-02 2.00000e+00 2.00000e+00
9.73000e+00 0.00000e+00 0.00000e+00 0.00000e+00 2.52006e+00 9.76434e-02 2.00000e+00 2.00000e+00
9.77000e+00 0.00000e+00 0.00000e+00 0.00000e+00 3.46384e+00 1.34510e-01 2.00000e+00 2.00000e+00
9.81000e+00 0.00000e+00 0.00000e+00 0.00000e+00 5.61338e+00 2.34832e-01 2.00000e+00 2.00000e+00
9.85000e+00 0.00000e+00 0.00000e+00 0.00000e+00 8.40553e+00 3.74717e-01 2.00000e+00 2.00000e+00
9.89000e+00 0.00000e+00 0.00000e+00 0.00000e+00 1.51280e+01 9.12315e-01 2.00000e+00 2.00000e+00
9.93000e+00 0.00000e+00 0.00000e+00 0.00000e+00 3.45775e+01 5.26809e+00 2.00000e+00 2.00000e+00
1.00500e+01 0.00000e+00 0.00000e+00 0.00000e+00 8.60602e+01 1.29156e+01 2.00000e+00 2.00000e+00
1.00500e+01 0.00000e+00 0.00000e+00 0.00000e+00 1.02809e+02 1.05156e+01 2.00000e+00 2.00000e+00
1.00900e+01 0.00000e+00 0.00000e+00 0.00000e+00 2.41644e+01 1.77143e+00 2.00000e+00 2.00000e+00
1.01300e+01 0.00000e+00 0.00000e+00 0.00000e+00 1.14527e+01 5.60131e-01 2.00000e+00 2.00000e+00
1.01700e+01 0.00000e+00 0.00000e+00 0.00000e+00 6.45425e+00 2.69958e-01 2.00000e+00 2.00000e+00
1.02100e+01 0.00000e+00 0.00000e+00 0.00000e+00 3.65611e+00 1.51850e-01 2.00000e+00 2.00000e+00
1.02500e+01 0.00000e+00 0.00000e+00 0.00000e+00 2.55434e+00 1.02329e-01 2.00000e+00 2.00000e+00
1.02900e+01 0.00000e+00 0.00000e+00 0.00000e+00 1.85573e+00 7.68863e-02 2.00000e+00 2.00000e+00
1.03300e+01 0.00000e+00 0.00000e+00 0.00000e+00 1.45627e+00 6.22556e-02 2.00000e+00 2.00000e+00
1.04500e+01 0.00000e+00 0.00000e+00 0.00000e+00 7.51517e-01 3.93191e-02 2.00000e+00 2.00000e+00
1.05700e+01 0.00000e+00 0.00000e+00 0.00000e+00 5.08192e-01 2.89469e-02 2.00000e+00 2.00000e+00
1.06900e+01 0.00000e+00 0.00000e+00 0.00000e+00 3.21946e-01 1.63776e-02 2.00000e+00 2.00000e+00
1.08100e+01 0.00000e+00 0.00000e+00 0.00000e+00 2.54569e-01 1.47049e-02 2.00000e+00 2.00000e+00
1.09300e+01 0.00000e+00 0.00000e+00 0.00000e+00 1.32953e-01 1.09327e-02 2.00000e+00 2.00000e+00
1.10500e+01 0.00000e+00 0.00000e+00 0.00000e+00 1.00054e-01 1.29946e-02 2.00000e+00 2.00000e+00
1.11700e+01 0.00000e+00 0.00000e+00 0.00000e+00 8.59303e-02 7.23606e-03 2.00000e+00 2.00000e+00
1.12900e+01 0.00000e+00 0.00000e+00 0.00000e+00 7.75863e-02 6.13848e-03 2.00000e+00 2.00000e+00
1.14100e+01 0.00000e+00 0.00000e+00 0.00000e+00 5.34429e-02 5.20414e-03 2.00000e+00 2.00000e+00
1.15300e+01 0.00000e+00 0.00000e+00 0.00000e+00 4.62898e-02 4.81932e-03 2.00000e+00 2.00000e+00
1.16500e+01 0.00000e+00 0.00000e+00 0.00000e+00 4.84590e-02 4.66110e-03 2.00000e+00 2.00000e+00
1.17300e+01 0.00000e+00 0.00000e+00 0.00000e+00 5.90184e-02 5.38970e-03 2.00000e+00 2.00000e+00
1.17700e+01 0.00000e+00 0.00000e+00 0.00000e+00 5.17887e-02 8.94983e-03 2.00000e+00 2.00000e+00
1.18100e+01 0.00000e+00 0.00000e+00 0.00000e+00 8.78390e-02 1.28420e-02 2.00000e+00 2.00000e+00
1.18500e+01 0.00000e+00 0.00000e+00 0.00000e+00 1.05910e-01 1.89355e-02 2.00000e+00 2.00000e+00
1.18900e+01 0.00000e+00 0.00000e+00 0.00000e+00 3.70591e-01 3.71182e-02 2.00000e+00 2.00000e+00
1.19300e+01 0.00000e+00 0.00000e+00 0.00000e+00 8.45082e-01 1.64089e-01 2.00000e+00 2.00000e+00
1.20500e+01 0.00000e+00 0.00000e+00 0.00000e+00 3.02631e+00 3.19970e-01 2.00000e+00 2.00000e+00
1.20900e+01 0.00000e+00 0.00000e+00 0.00000e+00 9.13422e-01 6.90345e-02 2.00000e+00 2.00000e+00
1.21300e+01 0.00000e+00 0.00000e+00 0.00000e+00 2.57005e-01 3.57459e-02 2.00000e+00 2.00000e+00
1.21700e+01 0.00000e+00 0.00000e+00 0.00000e+00 2.04324e-01 2.10899e-02 2.00000e+00 2.00000e+00
1.22100e+01 0.00000e+00 0.00000e+00 0.00000e+00 1.26934e-01 1.80453e-02 2.00000e+00 2.00000e+00
1.22500e+01 0.00000e+00 0.00000e+00 0.00000e+00 1.18050e-01 1.06797e-02 2.00000e+00 2.00000e+00
1.22900e+01 0.00000e+00 0.00000e+00 0.00000e+00 1.16471e-01 1.02244e-02 2.00000e+00 2.00000e+00
1.23700e+01 0.00000e+00 0.00000e+00 0.00000e+00 1.04384e-01 7.89433e-03 2.00000e+00 2.00000e+00
1.24900e+01 0.00000e+00 0.00000e+00 0.00000e+00 7.34383e-02 8.19788e-03 2.00000e+00 2.00000e+00
1.26100e+01 0.00000e+00 0.00000e+00 0.00000e+00 1.04353e-01 8.19592e-03 2.00000e+00 2.00000e+00
1.27300e+01 0.00000e+00 0.00000e+00 0.00000e+00 9.80428e-02 7.75993e-03 2.00000e+00 2.00000e+00
1.28500e+01 0.00000e+00 0.00000e+00 0.00000e+00 9.03267e-02 7.46178e-03 2.00000e+00 2.00000e+00
1.30900e+01 0.00000e+00 0.00000e+00 0.00000e+00 9.25173e-02 7.98593e-03 2.00000e+00 2.00000e+00
1.32100e+01 0.00000e+00 0.00000e+00 0.00000e+00 8.53715e-02 8.08448e-03 2.00000e+00 2.00000e+00
1.33300e+01 0.00000e+00 0.00000e+00 0.00000e+00 1.09544e-01 8.81373e-03 2.00000e+00 2.00000e+00
1.34500e+01 0.00000e+00 0.00000e+00 0.00000e+00 1.42492e-01 1.00107e-02 2.00000e+00 2.00000e+00
1.35700e+01 0.00000e+00 0.00000e+00 0.00000e+00 1.90604e-01 1.20382e-02 2.00000e+00 2.00000e+00
1.36900e+01 0.00000e+00 0.00000e+00 0.00000e+00 2.60792e-01 1.83867e-02 2.00000e+00 2.00000e+00
1.37300e+01 0.00000e+00 0.00000e+00 0.00000e+00 3.77871e-01 4.10347e-02 2.00000e+00 2.00000e+00
1.37700e+01 0.00000e+00 0.00000e+00 0.00000e+00 4.31640e-01 5.59104e-02 2.00000e+00 2.00000e+00
1.38100e+01 0.00000e+00 0.00000e+00 0.00000e+00 5.09745e-01 6.75638e-02 2.00000e+00 2.00000e+00
1.38500e+01 0.00000e+00 0.00000e+00 0.00000e+00 1.33985e+00 1.32986e-01 2.00000e+00 2.00000e+00
1.38900e+01 0.00000e+00 0.00000e+00 0.00000e+00 2.15937e+00 2.48142e-01 2.00000e+00 2.00000e+00
1.39300e+01 0.00000e+00 0.00000e+00 0.00000e+00 6.15086e+00 1.92203e+00 2.00000e+00 2.00000e+00
#1.40500e+01 0.00000e+00 0.00000e+00 0.00000e+00 1.87027e+01 1.08776e+01 2.00000e+00 2.00000e+00
1.40900e+01 0.00000e+00 0.00000e+00 0.00000e+00 4.24092e+00 4.97071e-01 2.00000e+00 2.00000e+00
1.41300e+01 0.00000e+00 0.00000e+00 0.00000e+00 1.41699e+00 1.43698e-01 2.00000e+00 2.00000e+00
1.41700e+01 0.00000e+00 0.00000e+00 0.00000e+00 6.71604e-01 7.92877e-02 2.00000e+00 2.00000e+00
1.42100e+01 0.00000e+00 0.00000e+00 0.00000e+00 7.14813e-01 6.87889e-02 2.00000e+00 2.00000e+00
1.42500e+01 0.00000e+00 0.00000e+00 0.00000e+00 5.34084e-01 6.01243e-02 2.00000e+00 2.00000e+00
1.42900e+01 0.00000e+00 0.00000e+00 0.00000e+00 2.73963e-01 3.24920e-02 2.00000e+00 2.00000e+00
1.44100e+01 0.00000e+00 0.00000e+00 0.00000e+00 1.70842e-01 1.64288e-02 2.00000e+00 2.00000e+00
1.45300e+01 0.00000e+00 0.00000e+00 0.00000e+00 1.09209e-01 1.45457e-02 2.00000e+00 2.00000e+00
1.46500e+01 0.00000e+00 0.00000e+00 0.00000e+00 7.57699e-02 1.19928e-02 2.00000e+00 2.00000e+00
1.47700e+01 0.00000e+00 0.00000e+00 0.00000e+00 6.17907e-02 1.05394e-02 2.00000e+00 2.00000e+00
1.48900e+01 0.00000e+00 0.00000e+00 0.00000e+00 4.32284e-02 1.03489e-02 2.00000e+00 2.00000e+00
1.51300e+01 0.00000e+00 0.00000e+00 0.00000e+00 5.38379e-02 1.40437e-02 2.00000e+00 2.00000e+00
1.52500e+01 0.00000e+00 0.00000e+00 0.00000e+00 5.67852e-02 1.32642e-02 2.00000e+00 2.00000e+00
1.53700e+01 0.00000e+00 0.00000e+00 0.00000e+00 1.22419e-01 1.52768e-02 2.00000e+00 2.00000e+00
1.54900e+01 0.00000e+00 0.00000e+00 0.00000e+00 1.58580e-01 2.04778e-02 2.00000e+00 2.00000e+00
1.56100e+01 0.00000e+00 0.00000e+00 0.00000e+00 2.77084e-01 3.31273e-02 2.00000e+00 2.00000e+00
1.57300e+01 0.00000e+00 0.00000e+00 0.00000e+00 8.01151e-01 7.00793e-02 2.00000e+00 2.00000e+00
1.57700e+01 0.00000e+00 0.00000e+00 0.00000e+00 1.03482e+00 1.14938e-01 2.00000e+00 2.00000e+00
1.58100e+01 0.00000e+00 0.00000e+00 0.00000e+00 1.80452e+00 1.58770e-01 2.00000e+00 2.00000e+00
1.58500e+01 0.00000e+00 0.00000e+00 0.00000e+00 3.09659e+00 2.81063e-01 2.00000e+00 2.00000e+00
1.58900e+01 0.00000e+00 0.00000e+00 0.00000e+00 5.62148e+00 5.07055e-01 2.00000e+00 2.00000e+00
1.59300e+01 0.00000e+00 0.00000e+00 0.00000e+00 1.32761e+01 6.24051e+00 2.00000e+00 2.00000e+00
#1.60500e+01 0.00000e+00 0.00000e+00 0.00000e+00 4.33743e+01 4.22949e+00 2.00000e+00 2.00000e+00
1.60900e+01 0.00000e+00 0.00000e+00 0.00000e+00 7.49102e+00 2.42057e+00 2.00000e+00 2.00000e+00
1.61300e+01 0.00000e+00 0.00000e+00 0.00000e+00 2.93159e+00 3.68684e-01 2.00000e+00 2.00000e+00
1.61700e+01 0.00000e+00 0.00000e+00 0.00000e+00 1.42647e+00 1.82962e-01 2.00000e+00 2.00000e+00
1.62100e+01 0.00000e+00 0.00000e+00 0.00000e+00 8.81196e-01 1.20830e-01 2.00000e+00 2.00000e+00
1.62500e+01 0.00000e+00 0.00000e+00 0.00000e+00 6.83174e-01 9.52732e-02 2.00000e+00 2.00000e+00
1.62900e+01 0.00000e+00 0.00000e+00 0.00000e+00 5.95797e-01 6.60707e-02 2.00000e+00 2.00000e+00
1.63300e+01 0.00000e+00 0.00000e+00 0.00000e+00 3.01336e-01 4.43298e-02 2.00000e+00 2.00000e+00
1.64500e+01 0.00000e+00 0.00000e+00 0.00000e+00 1.68237e-01 2.08750e-02 2.00000e+00 2.00000e+00
1.65700e+01 0.00000e+00 0.00000e+00 0.00000e+00 1.22788e-01 1.74733e-02 2.00000e+00 2.00000e+00
1.66900e+01 0.00000e+00 0.00000e+00 0.00000e+00 9.25222e-02 1.24343e-02 2.00000e+00 2.00000e+00
1.68100e+01 0.00000e+00 0.00000e+00 0.00000e+00 3.92309e-02 1.00765e-02 2.00000e+00 2.00000e+00
1.72900e+01 0.00000e+00 0.00000e+00 0.00000e+00 3.79101e-02 7.85190e-03 2.00000e+00 2.00000e+00
1.79353e+04 0.00000e+00 0.00000e+00 4.10000e-01 1.99437e+00 7.71748e-04 2.00000e+00 2.00000e+00
1.79543e+04 0.00000e+00 0.00000e+00 4.10000e-01 2.04348e+00 7.46871e-04 2.00000e+00 2.00000e+00
1.79673e+04 0.00000e+00 0.00000e+00 4.10000e-01 2.05363e+00 7.38644e-04 2.00000e+00 2.00000e+00
1.79773e+04 0.00000e+00 0.00000e+00 4.10000e-01 2.07128e+00 7.35737e-04 2.00000e+00 2.00000e+00
1.79853e+04 0.00000e+00 0.00000e+00 4.10000e-01 2.07427e+00 7.39982e-04 2.00000e+00 2.00000e+00
1.79932e+04 0.00000e+00 0.00000e+00 4.10000e-01 2.06309e+00 7.57558e-04 2.00000e+00 2.00000e+00
1.79973e+04 0.00000e+00 0.00000e+00 4.10000e-01 2.08128e+00 7.37522e-04 2.00000e+00 2.00000e+00
1.79979e+04 0.00000e+00 0.00000e+00 4.10000e-01 2.07893e+00 7.35209e-04 2.00000e+00 2.00000e+00
1.79991e+04 0.00000e+00 0.00000e+00 4.10000e-01 2.08278e+00 7.31724e-04 2.00000e+00 2.00000e+00
1.80000e+04 0.00000e+00 0.00000e+00 4.10000e-01 2.08309e+00 7.29915e-04 2.00000e+00 2.00000e+00
1.80011e+04 0.00000e+00 0.00000e+00 4.10000e-01 2.07509e+00 7.30455e-04 2.00000e+00 2.00000e+00
1.80019e+04 0.00000e+00 0.00000e+00 4.10000e-01 2.07634e+00 7.28031e-04 2.00000e+00 2.00000e+00
1.80031e+04 0.00000e+00 0.00000e+00 4.10000e-01 2.06744e+00 7.29356e-04 2.00000e+00 2.00000e+00
1.80041e+04 0.00000e+00 0.00000e+00 4.10000e-01 2.06626e+00 7.27731e-04 2.00000e+00 2.00000e+00
1.80050e+04 0.00000e+00 0.00000e+00 4.10000e-01 2.05904e+00 7.24442e-04 2.00000e+00 2.00000e+00
1.80061e+04 0.00000e+00 0.00000e+00 4.10000e-01 2.04218e+00 7.23013e-04 2.00000e+00 2.00000e+00
1.80070e+04 0.00000e+00 0.00000e+00 4.10000e-01 2.02920e+00 7.20798e-04 2.00000e+00 2.00000e+00
1.80082e+04 0.00000e+00 0.00000e+00 4.10000e-01 2.01214e+00 7.19271e-04 2.00000e+00 2.00000e+00
1.80090e+04 0.00000e+00 0.00000e+00 4.10000e-01 1.99586e+00 7.18835e-04 2.00000e+00 2.00000e+00
1.80100e+04 0.00000e+00 0.00000e+00 4.10000e-01 1.98322e+00 7.15050e-04 2.00000e+00 2.00000e+00
1.80111e+04 0.00000e+00 0.00000e+00 4.10000e-01 1.97561e+00 7.13007e-04 2.00000e+00 2.00000e+00
1.80120e+04 0.00000e+00 0.00000e+00 4.10000e-01 1.96593e+00 7.12670e-04 2.00000e+00 2.00000e+00
1.80131e+04 0.00000e+00 0.00000e+00 4.10000e-01 1.95723e+00 7.13222e-04 2.00000e+00 2.00000e+00
1.80140e+04 0.00000e+00 0.00000e+00 4.10000e-01 1.95929e+00 7.10130e-04 2.00000e+00 2.00000e+00
1.80151e+04 0.00000e+00 0.00000e+00 4.10000e-01 1.96106e+00 7.11541e-04 2.00000e+00 2.00000e+00
1.80162e+04 0.00000e+00 0.00000e+00 4.10000e-01 1.95869e+00 7.12866e-04 2.00000e+00 2.00000e+00
1.80171e+04 0.00000e+00 0.00000e+00 4.10000e-01 1.95925e+00 7.14118e-04 2.00000e+00 2.00000e+00
1.80180e+04 0.00000e+00 0.00000e+00 4.10000e-01 1.96213e+00 7.10878e-04 2.00000e+00 2.00000e+00
1.80190e+04 0.00000e+00 0.00000e+00 4.10000e-01 1.96221e+00 7.12523e-04 2.00000e+00 2.00000e+00
1.80212e+04 0.00000e+00 0.00000e+00 4.10000e-01 1.96267e+00 7.15572e-04 2.00000e+00 2.00000e+00
1.80232e+04 0.00000e+00 0.00000e+00 4.10000e-01 1.96624e+00 7.16443e-04 2.00000e+00 2.00000e+00
1.80272e+04 0.00000e+00 0.00000e+00 4.10000e-01 1.98055e+00 7.16492e-04 2.00000e+00 2.00000e+00
1.80312e+04 0.00000e+00 0.00000e+00 4.10000e-01 1.98585e+00 7.16639e-04 2.00000e+00 2.00000e+00
1.80392e+04 0.00000e+00 0.00000e+00 4.10000e-01 1.99227e+00 7.22547e-04 2.00000e+00 2.00000e+00
1.80472e+04 0.00000e+00 0.00000e+00 4.10000e-01 1.99254e+00 7.24614e-04 2.00000e+00 2.00000e+00
1.80572e+04 0.00000e+00 0.00000e+00 4.10000e-01 1.98756e+00 7.25921e-04 2.00000e+00 2.00000e+00
1.80702e+04 0.00000e+00 0.00000e+00 4.10000e-01 1.96832e+00 7.26369e-04 2.00000e+00 2.00000e+00
1.80923e+04 0.00000e+00 0.00000e+00 4.10000e-01 1.96926e+00 7.37387e-04 2.00000e+00 2.00000e+00
1.81172e+04 0.00000e+00 0.00000e+00 4.10000e-01 1.99026e+00 7.45804e-04 2.00000e+00 2.00000e+00
1.79352e+04 0.00000e+00 0.00000e+00 5.30000e-01 1.18995e+00 7.26244e-04 2.00000e+00 2.00000e+00
1.79542e+04 0.00000e+00 0.00000e+00 5.30000e-01 1.23262e+00 6.63604e-04 2.00000e+00 2.00000e+00
1.79672e+04 0.00000e+00 0.00000e+00 5.30000e-01 1.24594e+00 6.56515e-04 2.00000e+00 2.00000e+00
1.79772e+04 0.00000e+00 0.00000e+00 5.30000e-01 1.25163e+00 6.60024e-04 2.00000e+00 2.00000e+00
1.79852e+04 0.00000e+00 0.00000e+00 5.30000e-01 1.26119e+00 6.60630e-04 2.00000e+00 2.00000e+00
1.79932e+04 0.00000e+00 0.00000e+00 5.30000e-01 1.26837e+00 6.64750e-04 2.00000e+00 2.00000e+00
1.79972e+04 0.00000e+00 0.00000e+00 5.30000e-01 1.26819e+00 6.63121e-04 2.00000e+00 2.00000e+00
1.79981e+04 0.00000e+00 0.00000e+00 5.30000e-01 1.27052e+00 6.63588e-04 2.00000e+00 2.00000e+00
1.79990e+04 0.00000e+00 0.00000e+00 5.30000e-01 1.26736e+00 6.63156e-04 2.00000e+00 2.00000e+00
1.79999e+04 0.00000e+00 0.00000e+00 5.30000e-01 1.26580e+00 6.63515e-04 2.00000e+00 2.00000e+00
1.80010e+04 0.00000e+00 0.00000e+00 5.30000e-01 1.26466e+00 6.62366e-04 2.00000e+00 2.00000e+00
1.80020e+04 0.00000e+00 0.00000e+00 5.30000e-01 1.26235e+00 6.60796e-04 2.00000e+00 2.00000e+00
1.80030e+04 0.00000e+00 0.00000e+00 5.30000e-01 1.25468e+00 6.60447e-04 2.00000e+00 2.00000e+00
1.80040e+04 0.00000e+00 0.00000e+00 5.30000e-01 1.24747e+00 6.60689e-04 2.00000e+00 2.00000e+00
1.80049e+04 0.00000e+00 0.00000e+00 5.30000e-01 1.24459e+00 6.57137e-04 2.00000e+00 2.00000e+00
1.80060e+04 0.00000e+00 0.00000e+00 5.30000e-01 1.23194e+00 6.55958e-04 2.00000e+00 2.00000e+00
1.80070e+04 0.00000e+00 0.00000e+00 5.30000e-01 1.21573e+00 6.53640e-04 2.00000e+00 2.00000e+00
1.80081e+04 0.00000e+00 0.00000e+00 5.30000e-01 1.19982e+00 6.52288e-04 2.00000e+00 2.00000e+00
1.80090e+04 0.00000e+00 0.00000e+00 5.30000e-01 1.18503e+00 6.51071e-04 2.00000e+00 2.00000e+00
1.80101e+04 0.00000e+00 0.00000e+00 5.30000e-01 1.17670e+00 6.45501e-04 2.00000e+00 2.00000e+00
1.80110e+04 0.00000e+00 0.00000e+00 5.30000e-01 1.16495e+00 6.44146e-04 2.00000e+00 2.00000e+00
1.80121e+04 0.00000e+00 0.00000e+00 5.30000e-01 1.15266e+00 6.42980e-04 2.00000e+00 2.00000e+00
1.80130e+04 0.00000e+00 0.00000e+00 5.30000e-01 1.14811e+00 6.43462e-04 2.00000e+00 2.00000e+00
1.80140e+04 0.00000e+00 0.00000e+00 5.30000e-01 1.14710e+00 6.43661e-04 2.00000e+00 2.00000e+00
1.80150e+04 0.00000e+00 0.00000e+00 5.30000e-01 1.14563e+00 6.40577e-04 2.00000e+00 2.00000e+00
1.80161e+04 0.00000e+00 0.00000e+00 5.30000e-01 1.14365e+00 6.42005e-04 2.00000e+00 2.00000e+00
1.80170e+04 0.00000e+00 0.00000e+00 5.30000e-01 1.14407e+00 6.43318e-04 2.00000e+00 2.00000e+00
1.80180e+04 0.00000e+00 0.00000e+00 5.30000e-01 1.14532e+00 6.42421e-04 2.00000e+00 2.00000e+00
1.80190e+04 0.00000e+00 0.00000e+00 5.30000e-01 1.14638e+00 6.40609e-04 2.00000e+00 2.00000e+00
1.80212e+04 0.00000e+00 0.00000e+00 5.30000e-01 1.14841e+00 6.41738e-04 2.00000e+00 2.00000e+00
1.80232e+04 0.00000e+00 0.00000e+00 5.30000e-01 1.15095e+00 6.42382e-04 2.00000e+00 2.00000e+00
1.80272e+04 0.00000e+00 0.00000e+00 5.30000e-01 1.15927e+00 6.44807e-04 2.00000e+00 2.00000e+00
1.80312e+04 0.00000e+00 0.00000e+00 5.30000e-01 1.16173e+00 6.48354e-04 2.00000e+00 2.00000e+00
1.80393e+04 0.00000e+00 0.00000e+00 5.30000e-01 1.17228e+00 6.50850e-04 2.00000e+00 2.00000e+00
1.80472e+04 0.00000e+00 0.00000e+00 5.30000e-01 1.17715e+00 6.54268e-04 2.00000e+00 2.00000e+00
1.80572e+04 0.00000e+00 0.00000e+00 5.30000e-01 1.17393e+00 6.53073e-04 2.00000e+00 2.00000e+00
1.80702e+04 0.00000e+00 0.00000e+00 5.30000e-01 1.15800e+00 6.51965e-04 2.00000e+00 2.00000e+00
1.80922e+04 0.00000e+00 0.00000e+00 5.30000e-01 1.16655e+00 6.53665e-04 2.00000e+00 2.00000e+00
1.81173e+04 0.00000e+00 0.00000e+00 5.30000e-01 1.16335e+00 6.61489e-04 2.00000e+00 2.00000e+00
1.79353e+04 0.00000e+00 0.00000e+00 6.10000e-01 3.11827e-01 2.68399e-04 2.00000e+00 2.00000e+00
1.79543e+04 0.00000e+00 0.00000e+00 6.10000e-01 3.16072e-01 2.69993e-04 2.00000e+00 2.00000e+00
1.79672e+04 0.00000e+00 0.00000e+00 6.10000e-01 3.19213e-01 2.70620e-04 2.00000e+00 2.00000e+00
1.79772e+04 0.00000e+00 0.00000e+00 6.10000e-01 3.20618e-01 2.71266e-04 2.00000e+00 2.00000e+00
1.79852e+04 0.00000e+00 0.00000e+00 6.10000e-01 3.24802e-01 2.73393e-04 2.00000e+00 2.00000e+00
1.79932e+04 0.00000e+00 0.00000e+00 6.10000e-01 3.27556e-01 2.74051e-04 2.00000e+00 2.00000e+00
1.79973e+04 0.00000e+00 0.00000e+00 6.10000e-01 3.26937e-01 2.74020e-04 2.00000e+00 2.00000e+00
1.79981e+04 0.00000e+00 0.00000e+00 6.10000e-01 3.27950e-01 2.74641e-04 2.00000e+00 2.00000e+00
1.79989e+04 0.00000e+00 0.00000e+00 6.10000e-01 3.28187e-01 2.75336e-04 2.00000e+00 2.00000e+00
1.80000e+04 0.00000e+00 0.00000e+00 6.10000e-01 3.27928e-01 2.75660e-04 2.00000e+00 2.00000e+00
1.80010e+04 0.00000e+00 0.00000e+00 6.10000e-01 3.27779e-01 2.73675e-04 2.00000e+00 2.00000e+00
1.80020e+04 0.00000e+00 0.00000e+00 6.10000e-01 3.28843e-01 2.74614e-04 2.00000e+00 2.00000e+00
1.80030e+04 0.00000e+00 0.00000e+00 6.10000e-01 3.27128e-01 2.74981e-04 2.00000e+00 2.00000e+00
1.80040e+04 0.00000e+00 0.00000e+00 6.10000e-01 3.25413e-01 2.75021e-04 2.00000e+00 2.00000e+00
1.80050e+04 0.00000e+00 0.00000e+00 6.10000e-01 3.23529e-01 2.73644e-04 2.00000e+00 2.00000e+00
1.80061e+04 0.00000e+00 0.00000e+00 6.10000e-01 3.19912e-01 2.73151e-04 2.00000e+00 2.00000e+00
1.80070e+04 0.00000e+00 0.00000e+00 6.10000e-01 3.16080e-01 2.72947e-04 2.00000e+00 2.00000e+00
1.80081e+04 0.00000e+00 0.00000e+00 6.10000e-01 3.11510e-01 2.72471e-04 2.00000e+00 2.00000e+00
1.80090e+04 0.00000e+00 0.00000e+00 6.10000e-01 3.07678e-01 2.70576e-04 2.00000e+00 2.00000e+00
1.80100e+04 0.00000e+00 0.00000e+00 6.10000e-01 3.03268e-01 2.69142e-04 2.00000e+00 2.00000e+00
1.80110e+04 0.00000e+00 0.00000e+00 6.10000e-01 3.00407e-01 2.69068e-04 2.00000e+00 2.00000e+00
1.80120e+04 0.00000e+00 0.00000e+00 6.10000e-01 2.96937e-01 2.68753e-04 2.00000e+00 2.00000e+00
1.80130e+04 0.00000e+00 0.00000e+00 6.10000e-01 2.94324e-01 2.68076e-04 2.00000e+00 2.00000e+00
1.80140e+04 0.00000e+00 0.00000e+00 6.10000e-01 2.92607e-01 2.68162e-04 2.00000e+00 2.00000e+00
1.80150e+04 0.00000e+00 0.00000e+00 6.10000e-01 2.91964e-01 2.67444e-04 2.00000e+00 2.00000e+00
1.80161e+04 0.00000e+00 0.00000e+00 6.10000e-01 2.91115e-01 2.67079e-04 2.00000e+00 2.00000e+00
1.80170e+04 0.00000e+00 0.00000e+00 6.10000e-01 2.91320e-01 2.67548e-04 2.00000e+00 2.00000e+00
1.80180e+04 0.00000e+00 0.00000e+00 6.10000e-01 2.91689e-01 2.68257e-04 2.00000e+00 2.00000e+00
1.80190e+04 0.00000e+00 0.00000e+00 6.10000e-01 2.92783e-01 2.67858e-04 2.00000e+00 2.00000e+00
1.80212e+04 0.00000e+00 0.00000e+00 6.10000e-01 2.93129e-01 2.68026e-04 2.00000e+00 2.00000e+00
1.80232e+04 0.00000e+00 0.00000e+00 6.10000e-01 2.93072e-01 2.68903e-04 2.00000e+00 2.00000e+00
1.80272e+04 0.00000e+00 0.00000e+00 6.10000e-01 2.95779e-01 2.69033e-04 2.00000e+00 2.00000e+00
1.80313e+04 0.00000e+00 0.00000e+00 6.10000e-01 2.97692e-01 2.69298e-04 2.00000e+00 2.00000e+00
1.80393e+04 0.00000e+00 0.00000e+00 6.10000e-01 3.00810e-01 2.71353e-04 2.00000e+00 2.00000e+00
1.80472e+04 0.00000e+00 0.00000e+00 6.10000e-01 3.02238e-01 2.72991e-04 2.00000e+00 2.00000e+00
1.80572e+04 0.00000e+00 0.00000e+00 6.10000e-01 3.00045e-01 2.73837e-04 2.00000e+00 2.00000e+00
1.80702e+04 0.00000e+00 0.00000e+00 6.10000e-01 2.95683e-01 2.72570e-04 2.00000e+00 2.00000e+00
1.80923e+04 0.00000e+00 0.00000e+00 6.10000e-01 2.96378e-01 2.74868e-04 2.00000e+00 2.00000e+00
1.81173e+04 0.00000e+00 0.00000e+00 6.10000e-01 2.97599e-01 2.86022e-04 2.00000e+00 2.00000e+00
1.79353e+04 0.00000e+00 0.00000e+00 7.50000e-01 1.41400e-01 2.64617e-04 2.00000e+00 2.00000e+00
1.79542e+04 0.00000e+00 0.00000e+00 7.50000e-01 1.44150e-01 2.64421e-04 2.00000e+00 2.00000e+00
1.79672e+04 0.00000e+00 0.00000e+00 7.50000e-01 1.46935e-01 2.65945e-04 2.00000e+00 2.00000e+00
1.79773e+04 0.00000e+00 0.00000e+00 7.50000e-01 1.50815e-01 2.69040e-04 2.00000e+00 2.00000e+00
1.79852e+04 0.00000e+00 0.00000e+00 7.50000e-01 1.54244e-01 2.73090e-04 2.00000e+00 2.00000e+00
1.79932e+04 0.00000e+00 0.00000e+00 7.50000e-01 1.59387e-01 2.75561e-04 2.00000e+00 2.00000e+00
1.79973e+04 0.00000e+00 0.00000e+00 7.50000e-01 1.61166e-01 2.76673e-04 2.00000e+00 2.00000e+00
1.79980e+04 0.00000e+00 0.00000e+00 7.50000e-01 1.61662e-01 2.77361e-04 2.00000e+00 2.00000e+00
1.79990e+04 0.00000e+00 0.00000e+00 7.50000e-01 1.62638e-01 2.78906e-04 2.00000e+00 2.00000e+00
1.80000e+04 0.00000e+00 0.00000e+00 7.50000e-01 1.63230e-01 2.78619e-04 2.00000e+00 2.00000e+00
1.80009e+04 0.00000e+00 0.00000e+00 7.50000e-01 1.64729e-01 2.79168e-04 2.00000e+00 2.00000e+00
1.80020e+04 0.00000e+00 0.00000e+00 7.50000e-01 1.64945e-01 2.80345e-04 2.00000e+00 2.00000e+00
1.80030e+04 0.00000e+00 0.00000e+00 7.50000e-01 1.65361e-01 2.81311e-04 2.00000e+00 2.00000e+00
1.80040e+04 0.00000e+00 0.00000e+00 7.50000e-01 1.65585e-01 2.82600e-04 2.00000e+00 2.00000e+00
1.80050e+04 0.00000e+00 0.00000e+00 7.50000e-01 1.64709e-01 2.80775e-04 2.00000e+00 2.00000e+00
1.80060e+04 0.00000e+00 0.00000e+00 7.50000e-01 1.63078e-01 2.80935e-04 2.00000e+00 2.00000e+00
1.80070e+04 0.00000e+00 0.00000e+00 7.50000e-01 1.60864e-01 2.80289e-04 2.00000e+00 2.00000e+00
1.80080e+04 0.00000e+00 0.00000e+00 7.50000e-01 1.58388e-01 2.79826e-04 2.00000e+00 2.00000e+00
1.80090e+04 0.00000e+00 0.00000e+00 7.50000e-01 1.54549e-01 2.76587e-04 2.00000e+00 2.00000e+00
1.80099e+04 0.00000e+00 0.00000e+00 7.50000e-01 1.50917e-01 2.74837e-04 2.00000e+00 2.00000e+00
1.80111e+04 0.00000e+00 0.00000e+00 7.50000e-01 1.47757e-01 2.73417e-04 2.00000e+00 2.00000e+00
1.80120e+04 0.00000e+00 0.00000e+00 7.50000e-01 1.44131e-01 2.72118e-04 2.00000e+00 2.00000e+00
1.80130e+04 0.00000e+00 0.00000e+00 7.50000e-01 1.40944e-01 2.70850e-04 2.00000e+00 2.00000e+00
1.80140e+04 0.00000e+00 0.00000e+00 7.50000e-01 1.38180e-01 2.67230e-04 2.00000e+00 2.00000e+00
1.80151e+04 0.00000e+00 0.00000e+00 7.50000e-01 1.36023e-01 2.66432e-04 2.00000e+00 2.00000e+00
1.80161e+04 0.00000e+00 0.00000e+00 7.50000e-01 1.34987e-01 2.65186e-04 2.00000e+00 2.00000e+00
1.80170e+04 0.00000e+00 0.00000e+00 7.50000e-01 1.34146e-01 2.65218e-04 2.00000e+00 2.00000e+00
1.80180e+04 0.00000e+00 0.00000e+00 7.50000e-01 1.33858e-01 2.64341e-04 2.00000e+00 2.00000e+00
1.80191e+04 0.00000e+00 0.00000e+00 7.50000e-01 1.33108e-01 2.64257e-04 2.00000e+00 2.00000e+00
1.80212e+04 0.00000e+00 0.00000e+00 7.50000e-01 1.31927e-01 2.62649e-04 2.00000e+00 2.00000e+00
1.80232e+04 0.00000e+00 0.00000e+00 7.50000e-01 1.31676e-01 2.63208e-04 2.00000e+00 2.00000e+00
1.80272e+04 0.00000e+00 0.00000e+00 7.50000e-01 1.31222e-01 2.63552e-04 2.00000e+00 2.00000e+00
1.80312e+04 0.00000e+00 0.00000e+00 7.50000e-01 1.31749e-01 2.61912e-04 2.00000e+00 2.00000e+00
1.80392e+04 0.00000e+00 0.00000e+00 7.50000e-01 1.33217e-01 2.63993e-04 2.00000e+00 2.00000e+00
1.80472e+04 0.00000e+00 0.00000e+00 7.50000e-01 1.34718e-01 2.64985e-04 2.00000e+00 2.00000e+00
1.80572e+04 0.00000e+00 0.00000e+00 7.50000e-01 1.34629e-01 2.68253e-04 2.00000e+00 2.00000e+00
1.80702e+04 0.00000e+00 0.00000e+00 7.50000e-01 1.30970e-01 2.65681e-04 2.00000e+00 2.00000e+00
1.80923e+04 0.00000e+00 0.00000e+00 7.50000e-01 1.29449e-01 2.64272e-04 2.00000e+00 2.00000e+00
1.81172e+04 0.00000e+00 0.00000e+00 7.50000e-01 1.29656e-01 2.66297e-04 2.00000e+00 2.00000e+00
1.79352e+04 0.00000e+00 0.00000e+00 8.80000e-01 7.32258e-02 2.35711e-04 2.00000e+00 2.00000e+00
1.79543e+04 0.00000e+00 0.00000e+00 8.80000e-01 7.48008e-02 2.36947e-04 2.00000e+00 2.00000e+00
1.79673e+04 0.00000e+00 0.00000e+00 8.80000e-01 7.67435e-02 2.39504e-04 2.00000e+00 2.00000e+00
1.79772e+04 0.00000e+00 0.00000e+00 8.80000e-01 7.73636e-02 2.41856e-04 2.00000e+00 2.00000e+00
1.79932e+04 0.00000e+00 0.00000e+00 8.80000e-01 8.50775e-02 2.49430e-04 2.00000e+00 2.00000e+00
1.79972e+04 0.00000e+00 0.00000e+00 8.80000e-01 8.66669e-02 2.51688e-04 2.00000e+00 2.00000e+00
1.79980e+04 0.00000e+00 0.00000e+00 8.80000e-01 8.73191e-02 2.51627e-04 2.00000e+00 2.00000e+00
1.79990e+04 0.00000e+00 0.00000e+00 8.80000e-01 8.80349e-02 2.53167e-04 2.00000e+00 2.00000e+00
1.80000e+04 0.00000e+00 0.00000e+00 8.80000e-01 8.94183e-02 2.55037e-04 2.00000e+00 2.00000e+00
1.80011e+04 0.00000e+00 0.00000e+00 8.80000e-01 9.05053e-02 2.55806e-04 2.00000e+00 2.00000e+00
1.80020e+04 0.00000e+00 0.00000e+00 8.80000e-01 9.20694e-02 2.57381e-04 2.00000e+00 2.00000e+00
1.80031e+04 0.00000e+00 0.00000e+00 8.80000e-01 9.32492e-02 2.59267e-04 2.00000e+00 2.00000e+00
1.80040e+04 0.00000e+00 0.00000e+00 8.80000e-01 9.50451e-02 2.61022e-04 2.00000e+00 2.00000e+00
1.80050e+04 0.00000e+00 0.00000e+00 8.80000e-01 9.69603e-02 2.62577e-04 2.00000e+00 2.00000e+00
1.80060e+04 0.00000e+00 0.00000e+00 8.80000e-01 9.80902e-02 2.63596e-04 2.00000e+00 2.00000e+00
1.80070e+04 0.00000e+00 0.00000e+00 8.80000e-01 9.91989e-02 2.64873e-04 2.00000e+00 2.00000e+00
1.80080e+04 0.00000e+00 0.00000e+00 8.80000e-01 9.93584e-02 2.65840e-04 2.00000e+00 2.00000e+00
1.80091e+04 0.00000e+00 0.00000e+00 8.80000e-01 9.93939e-02 2.66694e-04 2.00000e+00 2.00000e+00
1.80100e+04 0.00000e+00 0.00000e+00 8.80000e-01 9.88261e-02 2.64506e-04 2.00000e+00 2.00000e+00
1.80110e+04 0.00000e+00 0.00000e+00 8.80000e-01 9.77988e-02 2.63942e-04 2.00000e+00 2.00000e+00
1.80121e+04 0.00000e+00 0.00000e+00 8.80000e-01 9.68255e-02 2.63466e-04 2.00000e+00 2.00000e+00
1.80131e+04 0.00000e+00 0.00000e+00 8.80000e-01 9.46413e-02 2.60903e-04 2.00000e+00 2.00000e+00
1.80139e+04 0.00000e+00 0.00000e+00 8.80000e-01 9.32687e-02 2.58659e-04 2.00000e+00 2.00000e+00
1.80150e+04 0.00000e+00 0.00000e+00 8.80000e-01 9.16008e-02 2.57955e-04 2.00000e+00 2.00000e+00
1.80160e+04 0.00000e+00 0.00000e+00 8.80000e-01 9.01669e-02 2.55986e-04 2.00000e+00 2.00000e+00
1.80169e+04 0.00000e+00 0.00000e+00 8.80000e-01 8.93162e-02 2.55907e-04 2.00000e+00 2.00000e+00
1.80182e+04 0.00000e+00 0.00000e+00 8.80000e-01 8.78095e-02 2.53710e-04 2.00000e+00 2.00000e+00
1.80190e+04 0.00000e+00 0.00000e+00 8.80000e-01 8.71011e-02 2.53048e-04 2.00000e+00 2.00000e+00
1.80212e+04 0.00000e+00 0.00000e+00 8.80000e-01 8.54039e-02 2.52102e-04 2.00000e+00 2.00000e+00
1.80232e+04 0.00000e+00 0.00000e+00 8.80000e-01 8.36367e-02 2.50916e-04 2.00000e+00 2.00000e+00
1.80272e+04 0.00000e+00 0.00000e+00 8.80000e-01 8.23422e-02 2.49526e-04 2.00000e+00 2.00000e+00
1.80312e+04 0.00000e+00 0.00000e+00 8.80000e-01 8.11606e-02 2.47669e-04 2.00000e+00 2.00000e+00
1.80393e+04 0.00000e+00 0.00000e+00 8.80000e-01 8.06335e-02 2.47885e-04 2.00000e+00 2.00000e+00
1.80473e+04 0.00000e+00 0.00000e+00 8.80000e-01 8.14325e-02 2.50282e-04 2.00000e+00 2.00000e+00
1.80572e+04 0.00000e+00 0.00000e+00 8.80000e-01 8.26869e-02 2.53138e-04 2.00000e+00 2.00000e+00
1.80702e+04 0.00000e+00 0.00000e+00 8.80000e-01 8.13356e-02 2.51062e-04 2.00000e+00 2.00000e+00
1.80923e+04 0.00000e+00 0.00000e+00 8.80000e-01 7.83541e-02 2.50014e-04 2.00000e+00 2.00000e+00
1.81173e+04 0.00000e+00 0.00000e+00 8.80000e-01 7.78167e-02 2.52469e-04 2.00000e+00 2.00000e+00
1.79353e+04 0.00000e+00 0.00000e+00 1.15000e+00 1.42303e-01 3.91608e-04 2.00000e+00 2.00000e+00
1.79543e+04 0.00000e+00 0.00000e+00 1.15000e+00 1.44214e-01 3.95080e-04 2.00000e+00 2.00000e+00
1.79672e+04 0.00000e+00 0.00000e+00 1.15000e+00 1.45014e-01 3.95284e-04 2.00000e+00 2.00000e+00
1.79772e+04 0.00000e+00 0.00000e+00 1.15000e+00 1.44479e-01 3.95897e-04 2.00000e+00 2.00000e+00
1.79852e+04 0.00000e+00 0.00000e+00 1.15000e+00 1.46914e-01 3.98780e-04 2.00000e+00 2.00000e+00
1.79932e+04 0.00000e+00 0.00000e+00 1.15000e+00 1.49717e-01 4.02172e-04 2.00000e+00 2.00000e+00
1.79973e+04 0.00000e+00 0.00000e+00 1.15000e+00 1.53031e-01 4.07504e-04 2.00000e+00 2.00000e+00
1.79981e+04 0.00000e+00 0.00000e+00 1.15000e+00 1.53949e-01 4.08879e-04 2.00000e+00 2.00000e+00
1.79990e+04 0.00000e+00 0.00000e+00 1.15000e+00 1.56360e-01 4.12894e-04 2.00000e+00 2.00000e+00
1.79999e+04 0.00000e+00 0.00000e+00 1.15000e+00 1.56401e-01 4.09706e-04 2.00000e+00 2.00000e+00
1.80010e+04 0.00000e+00 0.00000e+00 1.15000e+00 1.57415e-01 4.13261e-04 2.00000e+00 2.00000e+00
1.80020e+04 0.00000e+00 0.00000e+00 1.15000e+00 1.59628e-01 4.14680e-04 2.00000e+00 2.00000e+00
1.80031e+04 0.00000e+00 0.00000e+00 1.15000e+00 1.61214e-01 4.17328e-04 2.00000e+00 2.00000e+00
1.80040e+04 0.00000e+00 0.00000e+00 1.15000e+00 1.64422e-01 4.20346e-04 2.00000e+00 2.00000e+00
1.80050e+04 0.00000e+00 0.00000e+00 1.15000e+00 1.66504e-01 4.20300e-04 2.00000e+00 2.00000e+00
1.80061e+04 0.00000e+00 0.00000e+00 1.15000e+00 1.69689e-01 4.24852e-04 2.00000e+00 2.00000e+00
1.80070e+04 0.00000e+00 0.00000e+00 1.15000e+00 1.72724e-01 4.28465e-04 2.00000e+00 2.00000e+00
1.80080e+04 0.00000e+00 0.00000e+00 1.15000e+00 1.75774e-01 4.31125e-04 2.00000e+00 2.00000e+00
1.80090e+04 0.00000e+00 0.00000e+00 1.15000e+00 1.76995e-01 4.31671e-04 2.00000e+00 2.00000e+00
1.80099e+04 0.00000e+00 0.00000e+00 1.15000e+00 1.77961e-01 4.33308e-04 2.00000e+00 2.00000e+00
1.80110e+04 0.00000e+00 0.00000e+00 1.15000e+00 1.80427e-01 4.36333e-04 2.00000e+00 2.00000e+00
1.80120e+04 0.00000e+00 0.00000e+00 1.15000e+00 1.79854e-01 4.36829e-04 2.00000e+00 2.00000e+00
1.80130e+04 0.00000e+00 0.00000e+00 1.15000e+00 1.80069e-01 4.37042e-04 2.00000e+00 2.00000e+00
1.80141e+04 0.00000e+00 0.00000e+00 1.15000e+00 1.79726e-01 4.35163e-04 2.00000e+00 2.00000e+00
1.80150e+04 0.00000e+00 0.00000e+00 1.15000e+00 1.79128e-01 4.35301e-04 2.00000e+00 2.00000e+00
1.80161e+04 0.00000e+00 0.00000e+00 1.15000e+00 1.77233e-01 4.32801e-04 2.00000e+00 2.00000e+00
1.80169e+04 0.00000e+00 0.00000e+00 1.15000e+00 1.76420e-01 4.31228e-04 2.00000e+00 2.00000e+00
1.80182e+04 0.00000e+00 0.00000e+00 1.15000e+00 1.77085e-01 4.32621e-04 2.00000e+00 2.00000e+00
1.80191e+04 0.00000e+00 0.00000e+00 1.15000e+00 1.76221e-01 4.33075e-04 2.00000e+00 2.00000e+00
1.80212e+04 0.00000e+00 0.00000e+00 1.15000e+00 1.74658e-01 4.31770e-04 2.00000e+00 2.00000e+00
1.80232e+04 0.00000e+00 0.00000e+00 1.15000e+00 1.73029e-01 4.29813e-04 2.00000e+00 2.00000e+00
1.80272e+04 0.00000e+00 0.00000e+00 1.15000e+00 1.71007e-01 4.28891e-04 2.00000e+00 2.00000e+00
1.80312e+04 0.00000e+00 0.00000e+00 1.15000e+00 1.69446e-01 4.26144e-04 2.00000e+00 2.00000e+00
1.80392e+04 0.00000e+00 0.00000e+00 1.15000e+00 1.68283e-01 4.27754e-04 2.00000e+00 2.00000e+00
1.80473e+04 0.00000e+00 0.00000e+00 1.15000e+00 1.67312e-01 4.28890e-04 2.00000e+00 2.00000e+00
1.80572e+04 0.00000e+00 0.00000e+00 1.15000e+00 1.70863e-01 4.32372e-04 2.00000e+00 2.00000e+00
1.80702e+04 0.00000e+00 0.00000e+00 1.15000e+00 1.72858e-01 4.33928e-04 2.00000e+00 2.00000e+00
1.80923e+04 0.00000e+00 0.00000e+00 1.15000e+00 1.71257e-01 4.36444e-04 2.00000e+00 2.00000e+00
1.81172e+04 0.00000e+00 0.00000e+00 1.15000e+00 1.71262e-01 4.37960e-04 2.00000e+00 2.00000e+00
1.79352e+04 0.00000e+00 0.00000e+00 1.45000e+00 4.04280e-01 5.78789e-04 2.00000e+00 2.00000e+00
1.79542e+04 0.00000e+00 0.00000e+00 1.45000e+00 4.04419e-01 5.80891e-04 2.00000e+00 2.00000e+00
1.79672e+04 0.00000e+00 0.00000e+00 1.45000e+00 4.05363e-01 5.82071e-04 2.00000e+00 2.00000e+00
1.79772e+04 0.00000e+00 0.00000e+00 1.45000e+00 4.04382e-01 5.79661e-04 2.00000e+00 2.00000e+00
1.79852e+04 0.00000e+00 0.00000e+00 1.45000e+00 4.01872e-01 5.81094e-04 2.00000e+00 2.00000e+00
1.79933e+04 0.00000e+00 0.00000e+00 1.45000e+00 4.03471e-01 5.82569e-04 2.00000e+00 2.00000e+00
1.79972e+04 0.00000e+00 0.00000e+00 1.45000e+00 4.07345e-01 5.84860e-04 2.00000e+00 2.00000e+00
1.79979e+04 0.00000e+00 0.00000e+00 1.45000e+00 4.07654e-01 5.86238e-04 2.00000e+00 2.00000e+00
1.79990e+04 0.00000e+00 0.00000e+00 1.45000e+00 4.07630e-01 5.87651e-04 2.00000e+00 2.00000e+00
1.80001e+04 0.00000e+00 0.00000e+00 1.45000e+00 4.08569e-01 5.85553e-04 2.00000e+00 2.00000e+00
1.80010e+04 0.00000e+00 0.00000e+00 1.45000e+00 4.10095e-01 5.86332e-04 2.00000e+00 2.00000e+00
1.80019e+04 0.00000e+00 0.00000e+00 1.45000e+00 4.10490e-01 5.88042e-04 2.00000e+00 2.00000e+00
1.80030e+04 0.00000e+00 0.00000e+00 1.45000e+00 4.14588e-01 5.92561e-04 2.00000e+00 2.00000e+00
1.80039e+04 0.00000e+00 0.00000e+00 1.45000e+00 4.16420e-01 5.90314e-04 2.00000e+00 2.00000e+00
1.80050e+04 0.00000e+00 0.00000e+00 1.45000e+00 4.21503e-01 5.94524e-04 2.00000e+00 2.00000e+00
1.80060e+04 0.00000e+00 0.00000e+00 1.45000e+00 4.25043e-01 5.98629e-04 2.00000e+00 2.00000e+00
1.80069e+04 0.00000e+00 0.00000e+00 1.45000e+00 4.29049e-01 6.01508e-04 2.00000e+00 2.00000e+00
1.80081e+04 0.00000e+00 0.00000e+00 1.45000e+00 4.36028e-01 6.08103e-04 2.00000e+00 2.00000e+00
1.80090e+04 0.00000e+00 0.00000e+00 1.45000e+00 4.41355e-01 6.06496e-04 2.00000e+00 2.00000e+00
1.80100e+04 0.00000e+00 0.00000e+00 1.45000e+00 4.44380e-01 6.10057e-04 2.00000e+00 2.00000e+00
1.80110e+04 0.00000e+00 0.00000e+00 1.45000e+00 4.47907e-01 6.11341e-04 2.00000e+00 2.00000e+00
1.80119e+04 0.00000e+00 0.00000e+00 1.45000e+00 4.48916e-01 6.13588e-04 2.00000e+00 2.00000e+00
1.80130e+04 0.00000e+00 0.00000e+00 1.45000e+00 4.51406e-01 6.14083e-04 2.00000e+00 2.00000e+00
1.80139e+04 0.00000e+00 0.00000e+00 1.45000e+00 4.51778e-01 6.14788e-04 2.00000e+00 2.00000e+00
1.80150e+04 0.00000e+00 0.00000e+00 1.45000e+00 4.51681e-01 6.16085e-04 2.00000e+00 2.00000e+00
1.80160e+04 0.00000e+00 0.00000e+00 1.45000e+00 4.51081e-01 6.12076e-04 2.00000e+00 2.00000e+00
1.80170e+04 0.00000e+00 0.00000e+00 1.45000e+00 4.50692e-01 6.13331e-04 2.00000e+00 2.00000e+00
1.80181e+04 0.00000e+00 0.00000e+00 1.45000e+00 4.49902e-01 6.14299e-04 2.00000e+00 2.00000e+00
1.80190e+04 0.00000e+00 0.00000e+00 1.45000e+00 4.49916e-01 6.15858e-04 2.00000e+00 2.00000e+00
1.80212e+04 0.00000e+00 0.00000e+00 1.45000e+00 4.48296e-01 6.12476e-04 2.00000e+00 2.00000e+00
1.80232e+04 0.00000e+00 0.00000e+00 1.45000e+00 4.48254e-01 6.15487e-04 2.00000e+00 2.00000e+00
1.80272e+04 0.00000e+00 0.00000e+00 1.45000e+00 4.44223e-01 6.12960e-04 2.00000e+00 2.00000e+00
1.80312e+04 0.00000e+00 0.00000e+00 1.45000e+00 4.41451e-01 6.14830e-04 2.00000e+00 2.00000e+00
1.80393e+04 0.00000e+00 0.00000e+00 1.45000e+00 4.38883e-01 6.13629e-04 2.00000e+00 2.00000e+00
1.80473e+04 0.00000e+00 0.00000e+00 1.45000e+00 4.37919e-01 6.12960e-04 2.00000e+00 2.00000e+00
1.80573e+04 0.00000e+00 0.00000e+00 1.45000e+00 4.41418e-01 6.17471e-04 2.00000e+00 2.00000e+00
1.80702e+04 0.00000e+00 0.00000e+00 1.45000e+00 4.46159e-01 6.18415e-04 2.00000e+00 2.00000e+00
1.80922e+04 0.00000e+00 0.00000e+00 1.45000e+00 4.46260e-01 6.20989e-04 2.00000e+00 2.00000e+00
1.81172e+04 0.00000e+00 0.00000e+00 1.45000e+00 4.47432e-01 6.24711e-04 2.00000e+00 2.00000e+00
1.79353e+04 0.00000e+00 0.00000e+00 1.71000e+00 7.01214e-01 1.37843e-03 2.00000e+00 2.00000e+00
1.79543e+04 0.00000e+00 0.00000e+00 1.71000e+00 7.01873e-01 1.37107e-03 2.00000e+00 2.00000e+00
1.79673e+04 0.00000e+00 0.00000e+00 1.71000e+00 7.02742e-01 1.37488e-03 2.00000e+00 2.00000e+00
1.79772e+04 0.00000e+00 0.00000e+00 1.71000e+00 7.04808e-01 1.37496e-03 2.00000e+00 2.00000e+00
1.79852e+04 0.00000e+00 0.00000e+00 1.71000e+00 7.03063e-01 1.37451e-03 2.00000e+00 2.00000e+00
1.79932e+04 0.00000e+00 0.00000e+00 1.71000e+00 7.06520e-01 1.38437e-03 2.00000e+00 2.00000e+00
1.79972e+04 0.00000e+00 0.00000e+00 1.71000e+00 7.10062e-01 1.38172e-03 2.00000e+00 2.00000e+00
1.79980e+04 0.00000e+00 0.00000e+00 1.71000e+00 7.10076e-01 1.37887e-03 2.00000e+00 2.00000e+00
1.79989e+04 0.00000e+00 0.00000e+00 1.71000e+00 7.10074e-01 1.38124e-03 2.00000e+00 2.00000e+00
1.80000e+04 0.00000e+00 0.00000e+00 1.71000e+00 7.11301e-01 1.38637e-03 2.00000e+00 2.00000e+00
1.80010e+04 0.00000e+00 0.00000e+00 1.71000e+00 7.13800e-01 1.37948e-03 2.00000e+00 2.00000e+00
1.80020e+04 0.00000e+00 0.00000e+00 1.71000e+00 7.14406e-01 1.38262e-03 2.00000e+00 2.00000e+00
1.80031e+04 0.00000e+00 0.00000e+00 1.71000e+00 7.19087e-01 1.39021e-03 2.00000e+00 2.00000e+00
1.80040e+04 0.00000e+00 0.00000e+00 1.71000e+00 7.21849e-01 1.39646e-03 2.00000e+00 2.00000e+00
1.80051e+04 0.00000e+00 0.00000e+00 1.71000e+00 7.29154e-01 1.39369e-03 2.00000e+00 2.00000e+00
1.80060e+04 0.00000e+00 0.00000e+00 1.71000e+00 7.32757e-01 1.40014e-03 2.00000e+00 2.00000e+00
1.80070e+04 0.00000e+00 0.00000e+00 1.71000e+00 7.35925e-01 1.40552e-03 2.00000e+00 2.00000e+00
1.80082e+04 0.00000e+00 0.00000e+00 1.71000e+00 7.44802e-01 1.41681e-03 2.00000e+00 2.00000e+00
1.80089e+04 0.00000e+00 0.00000e+00 1.71000e+00 7.49119e-01 1.42533e-03 2.00000e+00 2.00000e+00
1.80102e+04 0.00000e+00 0.00000e+00 1.71000e+00 7.53986e-01 1.41973e-03 2.00000e+00 2.00000e+00
1.80110e+04 0.00000e+00 0.00000e+00 1.71000e+00 7.60754e-01 1.43054e-03 2.00000e+00 2.00000e+00
1.80120e+04 0.00000e+00 0.00000e+00 1.71000e+00 7.59745e-01 1.43275e-03 2.00000e+00 2.00000e+00
1.80130e+04 0.00000e+00 0.00000e+00 1.71000e+00 7.63755e-01 1.43932e-03 2.00000e+00 2.00000e+00
1.80140e+04 0.00000e+00 0.00000e+00 1.71000e+00 7.62942e-01 1.42892e-03 2.00000e+00 2.00000e+00
1.80151e+04 0.00000e+00 0.00000e+00 1.71000e+00 7.61076e-01 1.43141e-03 2.00000e+00 2.00000e+00
1.80161e+04 0.00000e+00 0.00000e+00 1.71000e+00 7.59459e-01 1.42777e-03 2.00000e+00 2.00000e+00
1.80169e+04 0.00000e+00 0.00000e+00 1.71000e+00 7.64501e-01 1.43556e-03 2.00000e+00 2.00000e+00
1.80180e+04 0.00000e+00 0.00000e+00 1.71000e+00 7.63059e-01 1.43677e-03 2.00000e+00 2.00000e+00
1.80191e+04 0.00000e+00 0.00000e+00 1.71000e+00 7.60264e-01 1.43321e-03 2.00000e+00 2.00000e+00
1.80212e+04 0.00000e+00 0.00000e+00 1.71000e+00 7.61501e-01 1.43705e-03 2.00000e+00 2.00000e+00
1.80232e+04 0.00000e+00 0.00000e+00 1.71000e+00 7.59532e-01 1.43186e-03 2.00000e+00 2.00000e+00
1.80272e+04 0.00000e+00 0.00000e+00 1.71000e+00 7.52317e-01 1.42797e-03 2.00000e+00 2.00000e+00
1.80313e+04 0.00000e+00 0.00000e+00 1.71000e+00 7.49836e-01 1.43884e-03 2.00000e+00 2.00000e+00
1.80393e+04 0.00000e+00 0.00000e+00 1.71000e+00 7.45453e-01 1.43102e-03 2.00000e+00 2.00000e+00
1.80473e+04 0.00000e+00 0.00000e+00 1.71000e+00 7.46507e-01 1.42972e-03 2.00000e+00 2.00000e+00
1.80573e+04 0.00000e+00 0.00000e+00 1.71000e+00 7.52412e-01 1.45068e-03 2.00000e+00 2.00000e+00
1.80702e+04 0.00000e+00 0.00000e+00 1.71000e+00 7.60008e-01 1.45122e-03 2.00000e+00 2.00000e+00
1.80923e+04 0.00000e+00 0.00000e+00 1.71000e+00 7.55325e-01 1.46276e-03 2.00000e+00 2.00000e+00
1.81173e+04 0.00000e+00 0.00000e+00 1.71000e+00 7.56510e-01 1.46207e-03 2.00000e+00 2.00000e+00
1.79353e+04 0.00000e+00 0.00000e+00 2.31000e+00 6.44097e-02 1.19441e-03 2.00000e+00 2.00000e+00
1.79542e+04 0.00000e+00 0.00000e+00 2.31000e+00 6.23723e-02 1.22525e-03 2.00000e+00 2.00000e+00
1.79672e+04 0.00000e+00 0.00000e+00 2.31000e+00 6.41502e-02 1.21022e-03 2.00000e+00 2.00000e+00
1.79772e+04 0.00000e+00 0.00000e+00 2.31000e+00 6.27999e-02 1.19324e-03 2.00000e+00 2.00000e+00
1.79852e+04 0.00000e+00 0.00000e+00 2.31000e+00 6.63104e-02 1.21073e-03 2.00000e+00 2.00000e+00
1.79933e+04 0.00000e+00 0.00000e+00 2.31000e+00 6.39823e-02 1.20546e-03 2.00000e+00 2.00000e+00
1.79972e+04 0.00000e+00 0.00000e+00 2.31000e+00 6.09325e-02 1.20057e-03 2.00000e+00 2.00000e+00
1.79980e+04 0.00000e+00 0.00000e+00 2.31000e+00 5.81553e-02 1.19320e-03 2.00000e+00 2.00000e+00
1.79990e+04 0.00000e+00 0.00000e+00 2.31000e+00 6.11078e-02 1.19766e-03 2.00000e+00 2.00000e+00
1.80001e+04 0.00000e+00 0.00000e+00 2.31000e+00 6.12211e-02 1.19579e-03 2.00000e+00 2.00000e+00
1.80009e+04 0.00000e+00 0.00000e+00 2.31000e+00 6.31458e-02 1.20269e-03 2.00000e+00 2.00000e+00
1.80021e+04 0.00000e+00 0.00000e+00 2.31000e+00 5.67972e-02 1.18604e-03 2.00000e+00 2.00000e+00
1.80030e+04 0.00000e+00 0.00000e+00 2.31000e+00 6.17691e-02 1.19203e-03 2.00000e+00 2.00000e+00
1.80041e+04 0.00000e+00 0.00000e+00 2.31000e+00 5.96169e-02 1.20184e-03 2.00000e+00 2.00000e+00
1.80050e+04 0.00000e+00 0.00000e+00 2.31000e+00 5.75861e-02 1.17909e-03 2.00000e+00 2.00000e+00
1.80060e+04 0.00000e+00 0.00000e+00 2.31000e+00 5.43978e-02 1.18170e-03 2.00000e+00 2.00000e+00
1.80070e+04 0.00000e+00 0.00000e+00 2.31000e+00 5.66885e-02 1.18756e-03 2.00000e+00 2.00000e+00
1.80079e+04 0.00000e+00 0.00000e+00 2.31000e+00 5.40672e-02 1.17677e-03 2.00000e+00 2.00000e+00
1.80092e+04 0.00000e+00 0.00000e+00 2.31000e+00 5.41846e-02 1.18681e-03 2.00000e+00 2.00000e+00
1.80101e+04 0.00000e+00 0.00000e+00 2.31000e+00 5.71734e-02 1.19293e-03 2.00000e+00 2.00000e+00
1.80110e+04 0.00000e+00 0.00000e+00 2.31000e+00 5.94303e-02 1.18651e-03 2.00000e+00 2.00000e+00
1.80121e+04 0.00000e+00 0.00000e+00 2.31000e+00 6.04165e-02 1.19317e-03 2.00000e+00 2.00000e+00
1.80129e+04 0.00000e+00 0.00000e+00 2.31000e+00 5.83816e-02 1.19735e-03 2.00000e+00 2.00000e+00
1.80141e+04 0.00000e+00 0.00000e+00 2.31000e+00 5.89540e-02 1.20050e-03 2.00000e+00 2.00000e+00
1.80150e+04 0.00000e+00 0.00000e+00 2.31000e+00 6.04842e-02 1.19987e-03 2.00000e+00 2.00000e+00
1.80161e+04 0.00000e+00 0.00000e+00 2.31000e+00 5.93723e-02 1.19900e-03 2.00000e+00 2.00000e+00
1.80170e+04 0.00000e+00 0.00000e+00 2.31000e+00 6.07647e-02 1.19323e-03 2.00000e+00 2.00000e+00
1.80180e+04 0.00000e+00 0.00000e+00 2.31000e+00 6.58063e-02 1.20503e-03 2.00000e+00 2.00000e+00
1.80190e+04 0.00000e+00 0.00000e+00 2.31000e+00 6.62685e-02 1.21107e-03 2.00000e+00 2.00000e+00
1.80212e+04 0.00000e+00 0.00000e+00 2.31000e+00 6.03470e-02 1.20803e-03 2.00000e+00 2.00000e+00
1.80232e+04 0.00000e+00 0.00000e+00 2.31000e+00 6.34109e-02 1.21203e-03 2.00000e+00 2.00000e+00
1.80272e+04 0.00000e+00 0.00000e+00 2.31000e+00 6.58946e-02 1.22303e-03 2.00000e+00 2.00000e+00
1.80312e+04 0.00000e+00 0.00000e+00 2.31000e+00 6.48281e-02 1.21913e-03 2.00000e+00 2.00000e+00
1.80392e+04 0.00000e+00 0.00000e+00 2.31000e+00 6.27743e-02 1.23262e-03 2.00000e+00 2.00000e+00
1.80472e+04 0.00000e+00 0.00000e+00 2.31000e+00 6.23005e-02 1.23160e-03 2.00000e+00 2.00000e+00
1.80573e+04 0.00000e+00 0.00000e+00 2.31000e+00 6.27744e-02 1.23103e-03 2.00000e+00 2.00000e+00
1.80702e+04 0.00000e+00 0.00000e+00 2.31000e+00 6.19270e-02 1.24369e-03 2.00000e+00 2.00000e+00
1.80922e+04 0.00000e+00 0.00000e+00 2.31000e+00 5.85578e-02 1.23886e-03 2.00000e+00 2.00000e+00
1.81172e+04 0.00000e+00 0.00000e+00 2.31000e+00 6.54551e-02 1.24128e-03 2.00000e+00 2.00000e+00
1.79353e+04 0.00000e+00 0.00000e+00 2.64000e+00 7.87322e-02 6.00287e-04 2.00000e+00 2.00000e+00
1.79542e+04 0.00000e+00 0.00000e+00 2.64000e+00 7.62081e-02 6.08793e-04 2.00000e+00 2.00000e+00
1.79672e+04 0.00000e+00 0.00000e+00 2.64000e+00 7.55331e-02 6.08656e-04 2.00000e+00 2.00000e+00
1.79772e+04 0.00000e+00 0.00000e+00 2.64000e+00 7.60354e-02 6.07754e-04 2.00000e+00 2.00000e+00
1.79852e+04 0.00000e+00 0.00000e+00 2.64000e+00 7.55303e-02 6.07485e-04 2.00000e+00 2.00000e+00
1.79932e+04 0.00000e+00 0.00000e+00 2.64000e+00 7.22595e-02 6.08249e-04 2.00000e+00 2.00000e+00
1.79973e+04 0.00000e+00 0.00000e+00 2.64000e+00 7.32027e-02 6.04697e-04 2.00000e+00 2.00000e+00
1.79980e+04 0.00000e+00 0.00000e+00 2.64000e+00 7.21578e-02 6.06164e-04 2.00000e+00 2.00000e+00
1.79989e+04 0.00000e+00 0.00000e+00 2.64000e+00 7.15712e-02 6.04359e-04 2.00000e+00 2.00000e+00
1.80000e+04 0.00000e+00 0.00000e+00 2.64000e+00 7.14047e-02 6.07426e-04 2.00000e+00 2.00000e+00
1.80009e+04 0.00000e+00 0.00000e+00 2.64000e+00 7.05276e-02 6.03200e-04 2.00000e+00 2.00000e+00
1.80020e+04 0.00000e+00 0.00000e+00 2.64000e+00 7.01611e-02 6.03351e-04 2.00000e+00 2.00000e+00
1.80029e+04 0.00000e+00 0.00000e+00 2.64000e+00 6.95867e-02 6.01046e-04 2.00000e+00 2.00000e+00
1.80039e+04 0.00000e+00 0.00000e+00 2.64000e+00 7.02935e-02 6.01098e-04 2.00000e+00 2.00000e+00
1.80050e+04 0.00000e+00 0.00000e+00 2.64000e+00 7.06008e-02 6.00413e-04 2.00000e+00 2.00000e+00
1.80059e+04 0.00000e+00 0.00000e+00 2.64000e+00 6.92243e-02 5.99436e-04 2.00000e+00 2.00000e+00
1.80070e+04 0.00000e+00 0.00000e+00 2.64000e+00 6.94999e-02 6.02233e-04 2.00000e+00 2.00000e+00
1.80079e+04 0.00000e+00 0.00000e+00 2.64000e+00 6.92267e-02 6.02475e-04 2.00000e+00 2.00000e+00
1.80090e+04 0.00000e+00 0.00000e+00 2.64000e+00 7.10556e-02 6.06171e-04 2.00000e+00 2.00000e+00
1.80100e+04 0.00000e+00 0.00000e+00 2.64000e+00 7.12549e-02 6.01847e-04 2.00000e+00 2.00000e+00
1.80109e+04 0.00000e+00 0.00000e+00 2.64000e+00 7.11163e-02 6.04398e-04 2.00000e+00 2.00000e+00
1.80121e+04 0.00000e+00 0.00000e+00 2.64000e+00 7.16039e-02 6.07309e-04 2.00000e+00 2.00000e+00
1.80130e+04 0.00000e+00 0.00000e+00 2.64000e+00 7.00929e-02 6.07940e-04 2.00000e+00 2.00000e+00
1.80140e+04 0.00000e+00 0.00000e+00 2.64000e+00 7.20456e-02 6.09991e-04 2.00000e+00 2.00000e+00
1.80149e+04 0.00000e+00 0.00000e+00 2.64000e+00 7.30969e-02 6.09616e-04 2.00000e+00 2.00000e+00
1.80159e+04 0.00000e+00 0.00000e+00 2.64000e+00 7.37009e-02 6.10451e-04 2.00000e+00 2.00000e+00
1.80170e+04 0.00000e+00 0.00000e+00 2.64000e+00 7.28851e-02 6.12636e-04 2.00000e+00 2.00000e+00
1.80179e+04 0.00000e+00 0.00000e+00 2.64000e+00 7.39594e-02 6.10017e-04 2.00000e+00 2.00000e+00
1.80190e+04 0.00000e+00 0.00000e+00 2.64000e+00 7.48573e-02 6.14045e-04 2.00000e+00 2.00000e+00
1.80212e+04 0.00000e+00 0.00000e+00 2.64000e+00 7.46038e-02 6.15909e-04 2.00000e+00 2.00000e+00
1.80232e+04 0.00000e+00 0.00000e+00 2.64000e+00 7.37511e-02 6.13106e-04 2.00000e+00 2.00000e+00
1.80272e+04 0.00000e+00 0.00000e+00 2.64000e+00 7.58863e-02 6.16513e-04 2.00000e+00 2.00000e+00
1.80312e+04 0.00000e+00 0.00000e+00 2.64000e+00 7.41969e-02 6.21487e-04 2.00000e+00 2.00000e+00
1.80392e+04 0.00000e+00 0.00000e+00 2.64000e+00 7.48420e-02 6.16715e-04 2.00000e+00 2.00000e+00
1.80472e+04 0.00000e+00 0.00000e+00 2.64000e+00 7.46142e-02 6.21838e-04 2.00000e+00 2.00000e+00
1.80572e+04 0.00000e+00 0.00000e+00 2.64000e+00 7.45773e-02 6.22224e-04 2.00000e+00 2.00000e+00
1.80702e+04 0.00000e+00 0.00000e+00 2.64000e+00 7.46463e-02 6.23794e-04 2.00000e+00 2.00000e+00
1.80923e+04 0.00000e+00 0.00000e+00 2.64000e+00 7.79421e-02 6.26057e-04 2.00000e+00 2.00000e+00
1.81172e+04 0.00000e+00 0.00000e+00 2.64000e+00 7.76893e-02 6.32947e-04 2.00000e+00 2.00000e+00
1.79353e+04 0.00000e+00 0.00000e+00 2.85000e+00 8.16948e-02 6.97834e-04 2.00000e+00 2.00000e+00
1.79542e+04 0.00000e+00 0.00000e+00 2.85000e+00 8.17192e-02 6.91614e-04 2.00000e+00 2.00000e+00
1.79672e+04 0.00000e+00 0.00000e+00 2.85000e+00 7.81463e-02 7.02141e-04 2.00000e+00 2.00000e+00
1.79772e+04 0.00000e+00 0.00000e+00 2.85000e+00 8.02181e-02 7.02567e-04 2.00000e+00 2.00000e+00
1.79852e+04 0.00000e+00 0.00000e+00 2.85000e+00 7.76113e-02 7.02897e-04 2.00000e+00 2.00000e+00
1.79932e+04 0.00000e+00 0.00000e+00 2.85000e+00 7.71474e-02 7.09595e-04 2.00000e+00 2.00000e+00
1.79973e+04 0.00000e+00 0.00000e+00 2.85000e+00 7.47405e-02 7.09569e-04 2.00000e+00 2.00000e+00
1.79979e+04 0.00000e+00 0.00000e+00 2.85000e+00 7.51514e-02 7.09820e-04 2.00000e+00 2.00000e+00
1.79990e+04 0.00000e+00 0.00000e+00 2.85000e+00 7.64461e-02 7.06542e-04 2.00000e+00 2.00000e+00
1.80000e+04 0.00000e+00 0.00000e+00 2.85000e+00 7.39055e-02 7.07107e-04 2.00000e+00 2.00000e+00
1.80009e+04 0.00000e+00 0.00000e+00 2.85000e+00 7.58452e-02 7.04007e-04 2.00000e+00 2.00000e+00
1.80020e+04 0.00000e+00 0.00000e+00 2.85000e+00 7.48976e-02 7.03387e-04 2.00000e+00 2.00000e+00
1.80029e+04 0.00000e+00 0.00000e+00 2.85000e+00 7.44450e-02 7.00987e-04 2.00000e+00 2.00000e+00
1.80039e+04 0.00000e+00 0.00000e+00 2.85000e+00 7.57044e-02 7.02875e-04 2.00000e+00 2.00000e+00
1.80050e+04 0.00000e+00 0.00000e+00 2.85000e+00 7.54543e-02 7.02608e-04 2.00000e+00 2.00000e+00
1.80059e+04 0.00000e+00 0.00000e+00 2.85000e+00 7.33061e-02 7.00775e-04 2.00000e+00 2.00000e+00
1.80070e+04 0.00000e+00 0.00000e+00 2.85000e+00 7.38295e-02 7.04139e-04 2.00000e+00 2.00000e+00
1.80079e+04 0.00000e+00 0.00000e+00 2.85000e+00 7.52857e-02 7.06457e-04 2.00000e+00 2.00000e+00
1.80091e+04 0.00000e+00 0.00000e+00 2.85000e+00 7.29297e-02 7.04355e-04 2.00000e+00 2.00000e+00
1.80100e+04 0.00000e+00 0.00000e+00 2.85000e+00 7.55792e-02 7.04893e-04 2.00000e+00 2.00000e+00
1.80108e+04 0.00000e+00 0.00000e+00 2.85000e+00 7.62274e-02 7.08330e-04 2.00000e+00 2.00000e+00
1.80120e+04 0.00000e+00 0.00000e+00 2.85000e+00 7.78067e-02 7.10562e-04 2.00000e+00 2.00000e+00
1.80129e+04 0.00000e+00 0.00000e+00 2.85000e+00 7.66132e-02 7.07690e-04 2.00000e+00 2.00000e+00
1.80140e+04 0.00000e+00 0.00000e+00 2.85000e+00 7.73404e-02 7.09443e-04 2.00000e+00 2.00000e+00
1.80150e+04 0.00000e+00 0.00000e+00 2.85000e+00 7.67147e-02 7.11635e-04 2.00000e+00 2.00000e+00
1.80159e+04 0.00000e+00 0.00000e+00 2.85000e+00 7.81555e-02 7.12791e-04 2.00000e+00 2.00000e+00
1.80170e+04 0.00000e+00 0.00000e+00 2.85000e+00 7.71482e-02 7.11271e-04 2.00000e+00 2.00000e+00
1.80179e+04 0.00000e+00 0.00000e+00 2.85000e+00 7.95016e-02 7.14121e-04 2.00000e+00 2.00000e+00
1.80190e+04 0.00000e+00 0.00000e+00 2.85000e+00 7.81524e-02 7.15609e-04 2.00000e+00 2.00000e+00
1.80212e+04 0.00000e+00 0.00000e+00 2.85000e+00 8.04669e-02 7.16130e-04 2.00000e+00 2.00000e+00
1.80232e+04 0.00000e+00 0.00000e+00 2.85000e+00 7.92887e-02 7.17602e-04 2.00000e+00 2.00000e+00
1.80272e+04 0.00000e+00 0.00000e+00 2.85000e+00 7.92368e-02 7.16071e-04 2.00000e+00 2.00000e+00
1.80312e+04 0.00000e+00 0.00000e+00 2.85000e+00 7.80814e-02 7.16511e-04 2.00000e+00 2.00000e+00
1.80392e+04 0.00000e+00 0.00000e+00 2.85000e+00 8.08523e-02 7.21882e-04 2.00000e+00 2.00000e+00
1.80472e+04 0.00000e+00 0.00000e+00 2.85000e+00 8.22481e-02 7.20911e-04 2.00000e+00 2.00000e+00
1.80572e+04 0.00000e+00 0.00000e+00 2.85000e+00 7.97565e-02 7.33024e-04 2.00000e+00 2.00000e+00
1.80702e+04 0.00000e+00 0.00000e+00 2.85000e+00 8.03189e-02 7.29282e-04 2.00000e+00 2.00000e+00
1.80922e+04 0.00000e+00 0.00000e+00 2.85000e+00 8.21016e-02 7.35921e-04 2.00000e+00 2.00000e+00
1.81172e+04 0.00000e+00 0.00000e+00 2.85000e+00 8.23434e-02 7.34774e-04 2.00000e+00 2.00000e+00
1.79353e+04 0.00000e+00 0.00000e+00 3.21000e+00 1.06757e-01 1.22998e-03 2.00000e+00 2.00000e+00
1.79542e+04 0.00000e+00 0.00000e+00 3.21000e+00 1.08834e-01 1.21341e-03 2.00000e+00 2.00000e+00
1.79672e+04 0.00000e+00 0.00000e+00 3.21000e+00 1.07122e-01 1.23545e-03 2.00000e+00 2.00000e+00
1.79772e+04 0.00000e+00 0.00000e+00 3.21000e+00 1.05721e-01 1.23373e-03 2.00000e+00 2.00000e+00
1.79852e+04 0.00000e+00 0.00000e+00 3.21000e+00 1.08600e-01 1.22400e-03 2.00000e+00 2.00000e+00
1.79932e+04 0.00000e+00 0.00000e+00 3.21000e+00 1.02789e-01 1.23411e-03 2.00000e+00 2.00000e+00
1.79972e+04 0.00000e+00 0.00000e+00 3.21000e+00 1.02524e-01 1.23721e-03 2.00000e+00 2.00000e+00
1.79980e+04 0.00000e+00 0.00000e+00 3.21000e+00 1.05100e-01 1.24190e-03 2.00000e+00 2.00000e+00
1.79990e+04 0.00000e+00 0.00000e+00 3.21000e+00 1.03973e-01 1.24400e-03 2.00000e+00 2.00000e+00
1.80000e+04 0.00000e+00 0.00000e+00 3.21000e+00 1.04462e-01 1.24373e-03 2.00000e+00 2.00000e+00
1.80009e+04 0.00000e+00 0.00000e+00 3.21000e+00 1.01880e-01 1.24335e-03 2.00000e+00 2.00000e+00
1.80020e+04 0.00000e+00 0.00000e+00 3.21000e+00 1.04266e-01 1.24043e-03 2.00000e+00 2.00000e+00
1.80029e+04 0.00000e+00 0.00000e+00 3.21000e+00 1.05861e-01 1.24186e-03 2.00000e+00 2.00000e+00
1.80040e+04 0.00000e+00 0.00000e+00 3.21000e+00 1.04528e-01 1.24465e-03 2.00000e+00 2.00000e+00
1.80050e+04 0.00000e+00 0.00000e+00 3.21000e+00 1.02094e-01 1.24589e-03 2.00000e+00 2.00000e+00
1.80060e+04 0.00000e+00 0.00000e+00 3.21000e+00 1.01898e-01 1.23614e-03 2.00000e+00 2.00000e+00
1.80070e+04 0.00000e+00 0.00000e+00 3.21000e+00 1.03995e-01 1.24232e-03 2.00000e+00 2.00000e+00
1.80079e+04 0.00000e+00 0.00000e+00 3.21000e+00 1.05616e-01 1.24545e-03 2.00000e+00 2.00000e+00
1.80090e+04 0.00000e+00 0.00000e+00 3.21000e+00 1.02235e-01 1.24721e-03 2.00000e+00 2.00000e+00
1.80100e+04 0.00000e+00 0.00000e+00 3.21000e+00 1.02116e-01 1.24887e-03 2.00000e+00 2.00000e+00
1.80108e+04 0.00000e+00 0.00000e+00 3.21000e+00 1.01885e-01 1.24428e-03 2.00000e+00 2.00000e+00
1.80120e+04 0.00000e+00 0.00000e+00 3.21000e+00 1.06878e-01 1.25263e-03 2.00000e+00 2.00000e+00
1.80130e+04 0.00000e+00 0.00000e+00 3.21000e+00 1.08293e-01 1.25099e-03 2.00000e+00 2.00000e+00
1.80140e+04 0.00000e+00 0.00000e+00 3.21000e+00 1.02612e-01 1.25139e-03 2.00000e+00 2.00000e+00
1.80149e+04 0.00000e+00 0.00000e+00 3.21000e+00 1.06438e-01 1.24776e-03 2.00000e+00 2.00000e+00
1.80159e+04 0.00000e+00 0.00000e+00 3.21000e+00 1.03308e-01 1.25287e-03 2.00000e+00 2.00000e+00
1.80170e+04 0.00000e+00 0.00000e+00 3.21000e+00 1.06349e-01 1.25147e-03 2.00000e+00 2.00000e+00
1.80180e+04 0.00000e+00 0.00000e+00 3.21000e+00 1.05824e-01 1.25406e-03 2.00000e+00 2.00000e+00
1.80190e+04 0.00000e+00 0.00000e+00 3.21000e+00 1.04536e-01 1.25276e-03 2.00000e+00 2.00000e+00
1.80211e+04 0.00000e+00 0.00000e+00 3.21000e+00 1.04822e-01 1.25630e-03 2.00000e+00 2.00000e+00
1.80232e+04 0.00000e+00 0.00000e+00 3.21000e+00 1.05575e-01 1.25788e-03 2.00000e+00 2.00000e+00
1.80273e+04 0.00000e+00 0.00000e+00 3.21000e+00 1.08249e-01 1.25939e-03 2.00000e+00 2.00000e+00
1.80312e+04 0.00000e+00 0.00000e+00 3.21000e+00 1.05391e-01 1.26004e-03 2.00000e+00 2.00000e+00
1.80392e+04 0.00000e+00 0.00000e+00 3.21000e+00 1.04905e-01 1.26385e-03 2.00000e+00 2.00000e+00
1.80472e+04 0.00000e+00 0.00000e+00 3.21000e+00 1.08581e-01 1.26732e-03 2.00000e+00 2.00000e+00
1.80572e+04 0.00000e+00 0.00000e+00 3.21000e+00 1.07268e-01 1.27053e-03 2.00000e+00 2.00000e+00
1.80702e+04 0.00000e+00 0.00000e+00 3.21000e+00 1.06206e-01 1.27410e-03 2.00000e+00 2.00000e+00
1.80923e+04 0.00000e+00 0.00000e+00 3.21000e+00 1.09449e-01 1.28031e-03 2.00000e+00 2.00000e+00
1.81172e+04 0.00000e+00 0.00000e+00 3.21000e+00 1.11637e-01 1.29839e-03 2.00000e+00 2.00000e+00
1.79354e+04 0.00000e+00 0.00000e+00 3.55000e+00 1.51990e-01 1.61563e-03 2.00000e+00 2.00000e+00
1.79542e+04 0.00000e+00 0.00000e+00 3.55000e+00 1.55451e-01 1.61081e-03 2.00000e+00 2.00000e+00
1.79672e+04 0.00000e+00 0.00000e+00 3.55000e+00 1.51969e-01 1.61361e-03 2.00000e+00 2.00000e+00
1.79772e+04 0.00000e+00 0.00000e+00 3.55000e+00 1.52488e-01 1.62591e-03 2.00000e+00 2.00000e+00
1.79852e+04 0.00000e+00 0.00000e+00 3.55000e+00 1.56421e-01 1.63461e-03 2.00000e+00 2.00000e+00
1.79932e+04 0.00000e+00 0.00000e+00 3.55000e+00 1.51643e-01 1.63331e-03 2.00000e+00 2.00000e+00
1.79973e+04 0.00000e+00 0.00000e+00 3.55000e+00 1.52444e-01 1.63688e-03 2.00000e+00 2.00000e+00
1.79979e+04 0.00000e+00 0.00000e+00 3.55000e+00 1.52853e-01 1.63032e-03 2.00000e+00 2.00000e+00
1.79990e+04 0.00000e+00 0.00000e+00 3.55000e+00 1.52868e-01 1.63280e-03 2.00000e+00 2.00000e+00
1.80000e+04 0.00000e+00 0.00000e+00 3.55000e+00 1.51599e-01 1.64098e-03 2.00000e+00 2.00000e+00
1.80009e+04 0.00000e+00 0.00000e+00 3.55000e+00 1.50715e-01 1.62676e-03 2.00000e+00 2.00000e+00
1.80021e+04 0.00000e+00 0.00000e+00 3.55000e+00 1.51705e-01 1.63503e-03 2.00000e+00 2.00000e+00
1.80029e+04 0.00000e+00 0.00000e+00 3.55000e+00 1.54523e-01 1.64128e-03 2.00000e+00 2.00000e+00
1.80040e+04 0.00000e+00 0.00000e+00 3.55000e+00 1.51701e-01 1.64251e-03 2.00000e+00 2.00000e+00
1.80050e+04 0.00000e+00 0.00000e+00 3.55000e+00 1.50498e-01 1.65241e-03 2.00000e+00 2.00000e+00
1.80060e+04 0.00000e+00 0.00000e+00 3.55000e+00 1.50622e-01 1.63327e-03 2.00000e+00 2.00000e+00
1.80070e+04 0.00000e+00 0.00000e+00 3.55000e+00 1.47897e-01 1.63570e-03 2.00000e+00 2.00000e+00
1.80080e+04 0.00000e+00 0.00000e+00 3.55000e+00 1.52284e-01 1.63632e-03 2.00000e+00 2.00000e+00
1.80090e+04 0.00000e+00 0.00000e+00 3.55000e+00 1.53306e-01 1.63990e-03 2.00000e+00 2.00000e+00
1.80100e+04 0.00000e+00 0.00000e+00 3.55000e+00 1.50363e-01 1.63940e-03 2.00000e+00 2.00000e+00
1.80110e+04 0.00000e+00 0.00000e+00 3.55000e+00 1.52628e-01 1.63828e-03 2.00000e+00 2.00000e+00
1.80120e+04 0.00000e+00 0.00000e+00 3.55000e+00 1.54696e-01 1.63911e-03 2.00000e+00 2.00000e+00
1.80130e+04 0.00000e+00 0.00000e+00 3.55000e+00 1.52849e-01 1.63882e-03 2.00000e+00 2.00000e+00
1.80140e+04 0.00000e+00 0.00000e+00 3.55000e+00 1.51888e-01 1.63715e-03 2.00000e+00 2.00000e+00
1.80150e+04 0.00000e+00 0.00000e+00 3.55000e+00 1.56916e-01 1.63772e-03 2.00000e+00 2.00000e+00
1.80160e+04 0.00000e+00 0.00000e+00 3.55000e+00 1.55828e-01 1.62439e-03 2.00000e+00 2.00000e+00
1.80170e+04 0.00000e+00 0.00000e+00 3.55000e+00 1.57482e-01 1.63225e-03 2.00000e+00 2.00000e+00
1.80180e+04 0.00000e+00 0.00000e+00 3.55000e+00 1.45942e-01 1.62879e-03 2.00000e+00 2.00000e+00
1.80190e+04 0.00000e+00 0.00000e+00 3.55000e+00 1.56058e-01 1.63040e-03 2.00000e+00 2.00000e+00
1.80211e+04 0.00000e+00 0.00000e+00 3.55000e+00 1.52050e-01 1.62839e-03 2.00000e+00 2.00000e+00
1.80232e+04 0.00000e+00 0.00000e+00 3.55000e+00 1.50330e-01 1.63115e-03 2.00000e+00 2.00000e+00
1.80272e+04 0.00000e+00 0.00000e+00 3.55000e+00 1.54583e-01 1.64134e-03 2.00000e+00 2.00000e+00
1.80312e+04 0.00000e+00 0.00000e+00 3.55000e+00 1.55067e-01 1.64370e-03 2.00000e+00 2.00000e+00
1.80393e+04 0.00000e+00 0.00000e+00 3.55000e+00 1.59301e-01 1.65646e-03 2.00000e+00 2.00000e+00
1.80472e+04 0.00000e+00 0.00000e+00 3.55000e+00 1.55797e-01 1.66275e-03 2.00000e+00 2.00000e+00
1.80572e+04 0.00000e+00 0.00000e+00 3.55000e+00 1.53559e-01 1.67590e-03 2.00000e+00 2.00000e+00
1.80702e+04 0.00000e+00 0.00000e+00 3.55000e+00 1.52375e-01 1.67807e-03 2.00000e+00 2.00000e+00
1.80922e+04 0.00000e+00 0.00000e+00 3.55000e+00 1.59690e-01 1.67794e-03 2.00000e+00 2.00000e+00
1.81172e+04 0.00000e+00 0.00000e+00 3.55000e+00 1.58512e-01 1.69835e-03 2.00000e+00 2.00000e+00
1.79353e+04 0.00000e+00 0.00000e+00 4.24000e+00 2.00596e-01 4.10867e-03 2.00000e+00 2.00000e+00
1.79542e+04 0.00000e+00 0.00000e+00 4.24000e+00 1.97368e-01 3.89330e-03 2.00000e+00 2.00000e+00
1.79672e+04 0.00000e+00 0.00000e+00 4.24000e+00 2.01164e-01 3.92497e-03 2.00000e+00 2.00000e+00
1.79772e+04 0.00000e+00 0.00000e+00 4.24000e+00 2.00003e-01 3.80444e-03 2.00000e+00 2.00000e+00
1.79852e+04 0.00000e+00 0.00000e+00 4.24000e+00 1.95499e-01 3.79476e-03 2.00000e+00 2.00000e+00
1.79932e+04 0.00000e+00 0.00000e+00 4.24000e+00 2.02350e-01 3.76931e-03 2.00000e+00 2.00000e+00
1.79973e+04 0.00000e+00 0.00000e+00 4.24000e+00 2.04178e-01 3.76949e-03 2.00000e+00 2.00000e+00
1.79980e+04 0.00000e+00 0.00000e+00 4.24000e+00 1.93869e-01 3.74281e-03 2.00000e+00 2.00000e+00
1.79990e+04 0.00000e+00 0.00000e+00 4.24000e+00 1.93301e-01 3.75449e-03 2.00000e+00 2.00000e+00
1.80000e+04 0.00000e+00 0.00000e+00 4.24000e+00 2.00695e-01 3.79151e-03 2.00000e+00 2.00000e+00
1.80010e+04 0.00000e+00 0.00000e+00 4.24000e+00 1.96147e-01 3.76978e-03 2.00000e+00 2.00000e+00
1.80020e+04 0.00000e+00 0.00000e+00 4.24000e+00 2.00386e-01 3.76970e-03 2.00000e+00 2.00000e+00
1.80030e+04 0.00000e+00 0.00000e+00 4.24000e+00 2.00635e-01 3.77003e-03 2.00000e+00 2.00000e+00
1.80041e+04 0.00000e+00 0.00000e+00 4.24000e+00 1.94620e-01 3.77310e-03 2.00000e+00 2.00000e+00
1.80050e+04 0.00000e+00 0.00000e+00 4.24000e+00 2.10617e-01 3.78428e-03 2.00000e+00 2.00000e+00
1.80060e+04 0.00000e+00 0.00000e+00 4.24000e+00 2.04851e-01 3.78232e-03 2.00000e+00 2.00000e+00
1.80069e+04 0.00000e+00 0.00000e+00 4.24000e+00 2.02290e-01 3.77670e-03 2.00000e+00 2.00000e+00
1.80081e+04 0.00000e+00 0.00000e+00 4.24000e+00 2.08577e-01 3.80197e-03 2.00000e+00 2.00000e+00
1.80090e+04 0.00000e+00 0.00000e+00 4.24000e+00 1.95478e-01 3.79604e-03 2.00000e+00 2.00000e+00
1.80100e+04 0.00000e+00 0.00000e+00 4.24000e+00 2.00903e-01 3.80431e-03 2.00000e+00 2.00000e+00
1.80110e+04 0.00000e+00 0.00000e+00 4.24000e+00 2.08676e-01 3.78739e-03 2.00000e+00 2.00000e+00
1.80120e+04 0.00000e+00 0.00000e+00 4.24000e+00 2.07517e-01 3.78190e-03 2.00000e+00 2.00000e+00
1.80130e+04 0.00000e+00 0.00000e+00 4.24000e+00 1.97981e-01 3.76810e-03 2.00000e+00 2.00000e+00
1.80140e+04 0.00000e+00 0.00000e+00 4.24000e+00 1.97800e-01 3.78007e-03 2.00000e+00 2.00000e+00
1.80149e+04 0.00000e+00 0.00000e+00 4.24000e+00 2.11507e-01 3.78577e-03 2.00000e+00 2.00000e+00
1.80161e+04 0.00000e+00 0.00000e+00 4.24000e+00 1.93486e-01 3.77471e-03 2.00000e+00 2.00000e+00
1.80170e+04 0.00000e+00 0.00000e+00 4.24000e+00 2.12717e-01 3.79345e-03 2.00000e+00 2.00000e+00
1.80180e+04 0.00000e+00 0.00000e+00 4.24000e+00 2.06807e-01 3.79875e-03 2.00000e+00 2.00000e+00
1.80190e+04 0.00000e+00 0.00000e+00 4.24000e+00 1.99698e-01 3.79908e-03 2.00000e+00 2.00000e+00
1.80211e+04 0.00000e+00 0.00000e+00 4.24000e+00 1.97560e-01 3.77822e-03 2.00000e+00 2.00000e+00
1.80232e+04 0.00000e+00 0.00000e+00 4.24000e+00 2.03173e-01 3.80609e-03 2.00000e+00 2.00000e+00
1.80273e+04 0.00000e+00 0.00000e+00 4.24000e+00 2.01169e-01 3.80426e-03 2.00000e+00 2.00000e+00
1.80313e+04 0.00000e+00 0.00000e+00 4.24000e+00 2.00635e-01 3.79564e-03 2.00000e+00 2.00000e+00
1.80392e+04 0.00000e+00 0.00000e+00 4.24000e+00 2.03828e-01 3.81166e-03 2.00000e+00 2.00000e+00
1.80472e+04 0.00000e+00 0.00000e+00 4.24000e+00 2.06987e-01 3.81623e-03 2.00000e+00 2.00000e+00
1.80572e+04 0.00000e+00 0.00000e+00 4.24000e+00 2.06771e-01 3.86648e-03 2.00000e+00 2.00000e+00
1.80702e+04 0.00000e+00 0.00000e+00 4.24000e+00 1.92649e-01 3.86135e-03 2.00000e+00 2.00000e+00
1.80923e+04 0.00000e+00 0.00000e+00 4.24000e+00 2.19724e-01 3.85674e-03 2.00000e+00 2.00000e+00
1.81172e+04 0.00000e+00 0.00000e+00 4.24000e+00 2.25265e-01 3.89997e-03 2.00000e+00 2.00000e+00
1.79353e+04 0.00000e+00 0.00000e+00 4.55000e+00 9.95781e-03 1.72480e-03 2.00000e+00 2.00000e+00
1.79542e+04 0.00000e+00 0.00000e+00 4.55000e+00 9.77083e-03 1.73609e-03 2.00000e+00 2.00000e+00
1.79672e+04 0.00000e+00 0.00000e+00 4.55000e+00 1.02108e-02 1.73788e-03 2.00000e+00 2.00000e+00
1.79772e+04 0.00000e+00 0.00000e+00 4.55000e+00 4.73312e-03 1.75179e-03 2.00000e+00 2.00000e+00
1.79852e+04 0.00000e+00 0.00000e+00 4.55000e+00 7.02910e-03 1.74746e-03 2.00000e+00 2.00000e+00
1.79932e+04 0.00000e+00 0.00000e+00 4.55000e+00 3.97317e-03 1.75937e-03 2.00000e+00 2.00000e+00
1.79973e+04 0.00000e+00 0.00000e+00 4.55000e+00 1.11932e-02 1.75168e-03 2.00000e+00 2.00000e+00
1.79979e+04 0.00000e+00 0.00000e+00 4.55000e+00 5.29539e-03 1.75302e-03 2.00000e+00 2.00000e+00
1.79990e+04 0.00000e+00 0.00000e+00 4.55000e+00 3.30352e-03 1.75502e-03 2.00000e+00 2.00000e+00
1.79999e+04 0.00000e+00 0.00000e+00 4.55000e+00 5.95899e-03 1.75693e-03 2.00000e+00 2.00000e+00
1.80009e+04 0.00000e+00 0.00000e+00 4.55000e+00 4.16532e-03 1.76456e-03 2.00000e+00 2.00000e+00
1.80019e+04 0.00000e+00 0.00000e+00 4.55000e+00 6.24094e-03 1.75582e-03 2.00000e+00 2.00000e+00
1.80028e+04 0.00000e+00 0.00000e+00 4.55000e+00 6.72850e-03 1.76121e-03 2.00000e+00 2.00000e+00
1.80040e+04 0.00000e+00 0.00000e+00 4.55000e+00 9.57647e-03 1.76177e-03 2.00000e+00 2.00000e+00
1.80049e+04 0.00000e+00 0.00000e+00 4.55000e+00 7.08354e-03 1.76627e-03 2.00000e+00 2.00000e+00
1.80059e+04 0.00000e+00 0.00000e+00 4.55000e+00 6.52280e-03 1.75704e-03 2.00000e+00 2.00000e+00
1.80070e+04 0.00000e+00 0.00000e+00 4.55000e+00 -2.72556e-04 1.76339e-03 2.00000e+00 2.00000e+00
1.80079e+04 0.00000e+00 0.00000e+00 4.55000e+00 9.42324e-03 1.76137e-03 2.00000e+00 2.00000e+00
1.80090e+04 0.00000e+00 0.00000e+00 4.55000e+00 1.48534e-02 1.77062e-03 2.00000e+00 2.00000e+00
1.80099e+04 0.00000e+00 0.00000e+00 4.55000e+00 8.44051e-03 1.76909e-03 2.00000e+00 2.00000e+00
1.80108e+04 0.00000e+00 0.00000e+00 4.55000e+00 3.91682e-03 1.76330e-03 2.00000e+00 2.00000e+00
1.80120e+04 0.00000e+00 0.00000e+00 4.55000e+00 5.40607e-03 1.76944e-03 2.00000e+00 2.00000e+00
1.80129e+04 0.00000e+00 0.00000e+00 4.55000e+00 8.77221e-03 1.76883e-03 2.00000e+00 2.00000e+00
1.80140e+04 0.00000e+00 0.00000e+00 4.55000e+00 8.17813e-03 1.76301e-03 2.00000e+00 2.00000e+00
1.80149e+04 0.00000e+00 0.00000e+00 4.55000e+00 5.51370e-03 1.76149e-03 2.00000e+00 2.00000e+00
1.80160e+04 0.00000e+00 0.00000e+00 4.55000e+00 -1.08303e-03 1.75622e-03 2.00000e+00 2.00000e+00
1.80170e+04 0.00000e+00 0.00000e+00 4.55000e+00 1.94316e-03 1.76276e-03 2.00000e+00 2.00000e+00
1.80179e+04 0.00000e+00 0.00000e+00 4.55000e+00 3.61775e-03 1.77023e-03 2.00000e+00 2.00000e+00
1.80190e+04 0.00000e+00 0.00000e+00 4.55000e+00 5.92792e-03 1.75731e-03 2.00000e+00 2.00000e+00
1.80211e+04 0.00000e+00 0.00000e+00 4.55000e+00 2.08221e-03 1.76474e-03 2.00000e+00 2.00000e+00
1.80232e+04 0.00000e+00 0.00000e+00 4.55000e+00 7.11077e-04 1.77274e-03 2.00000e+00 2.00000e+00
1.80272e+04 0.00000e+00 0.00000e+00 4.55000e+00 -5.29063e-04 1.77418e-03 2.00000e+00 2.00000e+00
1.80312e+04 0.00000e+00 0.00000e+00 4.55000e+00 3.97890e-03 1.77018e-03 2.00000e+00 2.00000e+00
1.80393e+04 0.00000e+00 0.00000e+00 4.55000e+00 2.43070e-03 1.78341e-03 2.00000e+00 2.00000e+00
1.80472e+04 0.00000e+00 0.00000e+00 4.55000e+00 5.23195e-03 1.77826e-03 2.00000e+00 2.00000e+00
1.80573e+04 0.00000e+00 0.00000e+00 4.55000e+00 8.30345e-03 1.77565e-03 2.00000e+00 2.00000e+00
1.80702e+04 0.00000e+00 0.00000e+00 4.55000e+00 7.51650e-03 1.78779e-03 2.00000e+00 2.00000e+00
1.80923e+04 0.00000e+00 0.00000e+00 4.55000e+00 1.04421e-02 1.79321e-03 2.00000e+00 2.00000e+00
1.81172e+04 0.00000e+00 0.00000e+00 4.55000e+00 6.57651e-03 1.80582e-03 2.00000e+00 2.00000e+00
1.79353e+04 0.00000e+00 0.00000e+00 5.61000e+00 4.28020e-01 8.44594e-03 2.00000e+00 2.00000e+00
1.79542e+04 0.00000e+00 0.00000e+00 5.61000e+00 4.41039e-01 8.49398e-03 2.00000e+00 2.00000e+00
1.79672e+04 0.00000e+00 0.00000e+00 5.61000e+00 4.49264e-01 8.58011e-03 2.00000e+00 2.00000e+00
1.79773e+04 0.00000e+00 0.00000e+00 5.61000e+00 3.89262e-01 8.52470e-03 2.00000e+00 2.00000e+00
1.79852e+04 0.00000e+00 0.00000e+00 5.61000e+00 4.26289e-01 8.52454e-03 2.00000e+00 2.00000e+00
1.79932e+04 0.00000e+00 0.00000e+00 5.61000e+00 4.32762e-01 8.53534e-03 2.00000e+00 2.00000e+00
1.79973e+04 0.00000e+00 0.00000e+00 5.61000e+00 4.32305e-01 8.52165e-03 2.00000e+00 2.00000e+00
1.79981e+04 0.00000e+00 0.00000e+00 5.61000e+00 4.18164e-01 8.56884e-03 2.00000e+00 2.00000e+00
1.79990e+04 0.00000e+00 0.00000e+00 5.61000e+00 4.32676e-01 8.58074e-03 2.00000e+00 2.00000e+00
1.79999e+04 0.00000e+00 0.00000e+00 5.61000e+00 4.39595e-01 8.52414e-03 2.00000e+00 2.00000e+00
1.80010e+04 0.00000e+00 0.00000e+00 5.61000e+00 4.43042e-01 8.52941e-03 2.00000e+00 2.00000e+00
1.80020e+04 0.00000e+00 0.00000e+00 5.61000e+00 4.31738e-01 8.59579e-03 2.00000e+00 2.00000e+00
1.80030e+04 0.00000e+00 0.00000e+00 5.61000e+00 4.36205e-01 8.56407e-03 2.00000e+00 2.00000e+00
1.80040e+04 0.00000e+00 0.00000e+00 5.61000e+00 4.32692e-01 8.54823e-03 2.00000e+00 2.00000e+00
1.80050e+04 0.00000e+00 0.00000e+00 5.61000e+00 4.30237e-01 8.54707e-03 2.00000e+00 2.00000e+00
1.80060e+04 0.00000e+00 0.00000e+00 5.61000e+00 4.35744e-01 8.54207e-03 2.00000e+00 2.00000e+00
1.80070e+04 0.00000e+00 0.00000e+00 5.61000e+00 4.55226e-01 8.65944e-03 2.00000e+00 2.00000e+00
1.80081e+04 0.00000e+00 0.00000e+00 5.61000e+00 4.80908e-01 8.60407e-03 2.00000e+00 2.00000e+00
1.80091e+04 0.00000e+00 0.00000e+00 5.61000e+00 4.26144e-01 8.58209e-03 2.00000e+00 2.00000e+00
1.80099e+04 0.00000e+00 0.00000e+00 5.61000e+00 4.25342e-01 8.60102e-03 2.00000e+00 2.00000e+00
1.80112e+04 0.00000e+00 0.00000e+00 5.61000e+00 4.30617e-01 8.63552e-03 2.00000e+00 2.00000e+00
1.80120e+04 0.00000e+00 0.00000e+00 5.61000e+00 4.22297e-01 8.56996e-03 2.00000e+00 2.00000e+00
1.80130e+04 0.00000e+00 0.00000e+00 5.61000e+00 4.44290e-01 8.58481e-03 2.00000e+00 2.00000e+00
1.80141e+04 0.00000e+00 0.00000e+00 5.61000e+00 4.27394e-01 8.59983e-03 2.00000e+00 2.00000e+00
1.80150e+04 0.00000e+00 0.00000e+00 5.61000e+00 4.71056e-01 8.64198e-03 2.00000e+00 2.00000e+00
1.80160e+04 0.00000e+00 0.00000e+00 5.61000e+00 4.16203e-01 8.59505e-03 2.00000e+00 2.00000e+00
1.80169e+04 0.00000e+00 0.00000e+00 5.61000e+00 4.27656e-01 8.61467e-03 2.00000e+00 2.00000e+00
1.80181e+04 0.00000e+00 0.00000e+00 5.61000e+00 4.32235e-01 8.65775e-03 2.00000e+00 2.00000e+00
1.80191e+04 0.00000e+00 0.00000e+00 5.61000e+00 4.37666e-01 8.65795e-03 2.00000e+00 2.00000e+00
1.80212e+04 0.00000e+00 0.00000e+00 5.61000e+00 4.18293e-01 8.62799e-03 2.00000e+00 2.00000e+00
1.80232e+04 0.00000e+00 0.00000e+00 5.61000e+00 4.03713e-01 8.62756e-03 2.00000e+00 2.00000e+00
1.80272e+04 0.00000e+00 0.00000e+00 5.61000e+00 3.95484e-01 8.66050e-03 2.00000e+00 2.00000e+00
1.80313e+04 0.00000e+00 0.00000e+00 5.61000e+00 4.05273e-01 8.65404e-03 2.00000e+00 2.00000e+00
1.80393e+04 0.00000e+00 0.00000e+00 5.61000e+00 4.00617e-01 8.72509e-03 2.00000e+00 2.00000e+00
1.80472e+04 0.00000e+00 0.00000e+00 5.61000e+00 4.32092e-01 8.71972e-03 2.00000e+00 2.00000e+00
1.80572e+04 0.00000e+00 0.00000e+00 5.61000e+00 4.10026e-01 8.76386e-03 2.00000e+00 2.00000e+00
1.80702e+04 0.00000e+00 0.00000e+00 5.61000e+00 4.26412e-01 8.77529e-03 2.00000e+00 2.00000e+00
1.80923e+04 0.00000e+00 0.00000e+00 5.61000e+00 4.29733e-01 8.83659e-03 2.00000e+00 2.00000e+00
1.81172e+04 0.00000e+00 0.00000e+00 5.61000e+00 4.07424e-01 8.83646e-03 2.00000e+00 2.00000e+00
1.79353e+04 0.00000e+00 0.00000e+00 6.25000e+00 2.42646e+00 1.60050e-02 2.00000e+00 2.00000e+00
1.79543e+04 0.00000e+00 0.00000e+00 6.25000e+00 2.44507e+00 1.58099e-02 2.00000e+00 2.00000e+00
1.79672e+04 0.00000e+00 0.00000e+00 6.25000e+00 2.44829e+00 1.58409e-02 2.00000e+00 2.00000e+00
1.79772e+04 0.00000e+00 0.00000e+00 6.25000e+00 2.40691e+00 1.59085e-02 2.00000e+00 2.00000e+00
1.79852e+04 0.00000e+00 0.00000e+00 6.25000e+00 2.41682e+00 1.59189e-02 2.00000e+00 2.00000e+00
1.79932e+04 0.00000e+00 0.00000e+00 6.25000e+00 2.48496e+00 1.60220e-02 2.00000e+00 2.00000e+00
1.79973e+04 0.00000e+00 0.00000e+00 6.25000e+00 2.47234e+00 1.59573e-02 2.00000e+00 2.00000e+00
1.79980e+04 0.00000e+00 0.00000e+00 6.25000e+00 2.43279e+00 1.59495e-02 2.00000e+00 2.00000e+00
1.79990e+04 0.00000e+00 0.00000e+00 6.25000e+00 2.42711e+00 1.59895e-02 2.00000e+00 2.00000e+00
1.80000e+04 0.00000e+00 0.00000e+00 6.25000e+00 2.40043e+00 1.58562e-02 2.00000e+00 2.00000e+00
1.80010e+04 0.00000e+00 0.00000e+00 6.25000e+00 2.41160e+00 1.58657e-02 2.00000e+00 2.00000e+00
1.80020e+04 0.00000e+00 0.00000e+00 6.25000e+00 2.38403e+00 1.58973e-02 2.00000e+00 2.00000e+00
1.80030e+04 0.00000e+00 0.00000e+00 6.25000e+00 2.42690e+00 1.59005e-02 2.00000e+00 2.00000e+00
1.80040e+04 0.00000e+00 0.00000e+00 6.25000e+00 2.42953e+00 1.59609e-02 2.00000e+00 2.00000e+00
1.80050e+04 0.00000e+00 0.00000e+00 6.25000e+00 2.46427e+00 1.59212e-02 2.00000e+00 2.00000e+00
1.80060e+04 0.00000e+00 0.00000e+00 6.25000e+00 2.36138e+00 1.58824e-02 2.00000e+00 2.00000e+00
1.80070e+04 0.00000e+00 0.00000e+00 6.25000e+00 2.40501e+00 1.59779e-02 2.00000e+00 2.00000e+00
1.80081e+04 0.00000e+00 0.00000e+00 6.25000e+00 2.40912e+00 1.59940e-02 2.00000e+00 2.00000e+00
1.80090e+04 0.00000e+00 0.00000e+00 6.25000e+00 2.40583e+00 1.60552e-02 2.00000e+00 2.00000e+00
1.80100e+04 0.00000e+00 0.00000e+00 6.25000e+00 2.41152e+00 1.59305e-02 2.00000e+00 2.00000e+00
1.80110e+04 0.00000e+00 0.00000e+00 6.25000e+00 2.41917e+00 1.59398e-02 2.00000e+00 2.00000e+00
1.80121e+04 0.00000e+00 0.00000e+00 6.25000e+00 2.41515e+00 1.59876e-02 2.00000e+00 2.00000e+00
1.80131e+04 0.00000e+00 0.00000e+00 6.25000e+00 2.40171e+00 1.59302e-02 2.00000e+00 2.00000e+00
1.80140e+04 0.00000e+00 0.00000e+00 6.25000e+00 2.41912e+00 1.59164e-02 2.00000e+00 2.00000e+00
1.80149e+04 0.00000e+00 0.00000e+00 6.25000e+00 2.38638e+00 1.59742e-02 2.00000e+00 2.00000e+00
1.80160e+04 0.00000e+00 0.00000e+00 6.25000e+00 2.41441e+00 1.59243e-02 2.00000e+00 2.00000e+00
1.80170e+04 0.00000e+00 0.00000e+00 6.25000e+00 2.41916e+00 1.59428e-02 2.00000e+00 2.00000e+00
1.80180e+04 0.00000e+00 0.00000e+00 6.25000e+00 2.41555e+00 1.59474e-02 2.00000e+00 2.00000e+00
1.80191e+04 0.00000e+00 0.00000e+00 6.25000e+00 2.45521e+00 1.60658e-02 2.00000e+00 2.00000e+00
1.80212e+04 0.00000e+00 0.00000e+00 6.25000e+00 2.43259e+00 1.60266e-02 2.00000e+00 2.00000e+00
1.80232e+04 0.00000e+00 0.00000e+00 6.25000e+00 2.36216e+00 1.59792e-02 2.00000e+00 2.00000e+00
1.80272e+04 0.00000e+00 0.00000e+00 6.25000e+00 2.44109e+00 1.60560e-02 2.00000e+00 2.00000e+00
1.80312e+04 0.00000e+00 0.00000e+00 6.25000e+00 2.40764e+00 1.60149e-02 2.00000e+00 2.00000e+00
1.80393e+04 0.00000e+00 0.00000e+00 6.25000e+00 2.40708e+00 1.61507e-02 2.00000e+00 2.00000e+00
1.80472e+04 0.00000e+00 0.00000e+00 6.25000e+00 2.42728e+00 1.62369e-02 2.00000e+00 2.00000e+00
1.80572e+04 0.00000e+00 0.00000e+00 6.25000e+00 2.41622e+00 1.62077e-02 2.00000e+00 2.00000e+00
1.80702e+04 0.00000e+00 0.00000e+00 6.25000e+00 2.42990e+00 1.62970e-02 2.00000e+00 2.00000e+00
1.80923e+04 0.00000e+00 0.00000e+00 6.25000e+00 2.46488e+00 1.64800e-02 2.00000e+00 2.00000e+00
1.81172e+04 0.00000e+00 0.00000e+00 6.25000e+00 2.43891e+00 1.72995e-02 2.00000e+00 2.00000e+00
1.79353e+04 0.00000e+00 0.00000e+00 7.31000e+00 2.82957e-01 9.27155e-03 2.00000e+00 2.00000e+00
1.79542e+04 0.00000e+00 0.00000e+00 7.31000e+00 2.88345e-01 9.25106e-03 2.00000e+00 2.00000e+00
1.79672e+04 0.00000e+00 0.00000e+00 7.31000e+00 2.86602e-01 9.30631e-03 2.00000e+00 2.00000e+00
1.79772e+04 0.00000e+00 0.00000e+00 7.31000e+00 2.93394e-01 9.29907e-03 2.00000e+00 2.00000e+00
1.79852e+04 0.00000e+00 0.00000e+00 7.31000e+00 3.01390e-01 9.37110e-03 2.00000e+00 2.00000e+00
1.79932e+04 0.00000e+00 0.00000e+00 7.31000e+00 3.00078e-01 9.43212e-03 2.00000e+00 2.00000e+00
1.79973e+04 0.00000e+00 0.00000e+00 7.31000e+00 2.90123e-01 9.42694e-03 2.00000e+00 2.00000e+00
1.79980e+04 0.00000e+00 0.00000e+00 7.31000e+00 2.57696e-01 9.44995e-03 2.00000e+00 2.00000e+00
1.79990e+04 0.00000e+00 0.00000e+00 7.31000e+00 3.08623e-01 9.47332e-03 2.00000e+00 2.00000e+00
1.79999e+04 0.00000e+00 0.00000e+00 7.31000e+00 2.98079e-01 9.43271e-03 2.00000e+00 2.00000e+00
1.80010e+04 0.00000e+00 0.00000e+00 7.31000e+00 2.90437e-01 9.47080e-03 2.00000e+00 2.00000e+00
1.80020e+04 0.00000e+00 0.00000e+00 7.31000e+00 3.03960e-01 9.50956e-03 2.00000e+00 2.00000e+00
1.80031e+04 0.00000e+00 0.00000e+00 7.31000e+00 3.14574e-01 9.52901e-03 2.00000e+00 2.00000e+00
1.80040e+04 0.00000e+00 0.00000e+00 7.31000e+00 3.15913e-01 9.45135e-03 2.00000e+00 2.00000e+00
1.80050e+04 0.00000e+00 0.00000e+00 7.31000e+00 2.90676e-01 9.48781e-03 2.00000e+00 2.00000e+00
1.80060e+04 0.00000e+00 0.00000e+00 7.31000e+00 2.63391e-01 9.52931e-03 2.00000e+00 2.00000e+00
1.80070e+04 0.00000e+00 0.00000e+00 7.31000e+00 2.98406e-01 9.53027e-03 2.00000e+00 2.00000e+00
1.80081e+04 0.00000e+00 0.00000e+00 7.31000e+00 2.96911e-01 9.55608e-03 2.00000e+00 2.00000e+00
1.80091e+04 0.00000e+00 0.00000e+00 7.31000e+00 2.94374e-01 9.52494e-03 2.00000e+00 2.00000e+00
1.80099e+04 0.00000e+00 0.00000e+00 7.31000e+00 3.20873e-01 9.50912e-03 2.00000e+00 2.00000e+00
1.80112e+04 0.00000e+00 0.00000e+00 7.31000e+00 2.86346e-01 9.50068e-03 2.00000e+00 2.00000e+00
1.80119e+04 0.00000e+00 0.00000e+00 7.31000e+00 2.66699e-01 9.48915e-03 2.00000e+00 2.00000e+00
1.80131e+04 0.00000e+00 0.00000e+00 7.31000e+00 2.94022e-01 9.48471e-03 2.00000e+00 2.00000e+00
1.80140e+04 0.00000e+00 0.00000e+00 7.31000e+00 3.01619e-01 9.49994e-03 2.00000e+00 2.00000e+00
1.80150e+04 0.00000e+00 0.00000e+00 7.31000e+00 2.94613e-01 9.46925e-03 2.00000e+00 2.00000e+00
1.80160e+04 0.00000e+00 0.00000e+00 7.31000e+00 2.96556e-01 9.52820e-03 2.00000e+00 2.00000e+00
1.80170e+04 0.00000e+00 0.00000e+00 7.31000e+00 2.84280e-01 9.59617e-03 2.00000e+00 2.00000e+00
1.80181e+04 0.00000e+00 0.00000e+00 7.31000e+00 2.72479e-01 9.50682e-03 2.00000e+00 2.00000e+00
1.80190e+04 0.00000e+00 0.00000e+00 7.31000e+00 2.84729e-01 9.50372e-03 2.00000e+00 2.00000e+00
1.80211e+04 0.00000e+00 0.00000e+00 7.31000e+00 2.98248e-01 9.55438e-03 2.00000e+00 2.00000e+00
1.80232e+04 0.00000e+00 0.00000e+00 7.31000e+00 3.27154e-01 9.48634e-03 2.00000e+00 2.00000e+00
1.80272e+04 0.00000e+00 0.00000e+00 7.31000e+00 2.75840e-01 9.47591e-03 2.00000e+00 2.00000e+00
1.80313e+04 0.00000e+00 0.00000e+00 7.31000e+00 2.84530e-01 9.58640e-03 2.00000e+00 2.00000e+00
1.80392e+04 0.00000e+00 0.00000e+00 7.31000e+00 3.14272e-01 9.63300e-03 2.00000e+00 2.00000e+00
1.80472e+04 0.00000e+00 0.00000e+00 7.31000e+00 2.75004e-01 9.59306e-03 2.00000e+00 2.00000e+00
1.80572e+04 0.00000e+00 0.00000e+00 7.31000e+00 2.92379e-01 9.53826e-03 2.00000e+00 2.00000e+00
1.80702e+04 0.00000e+00 0.00000e+00 7.31000e+00 2.79681e-01 9.76635e-03 2.00000e+00 2.00000e+00
1.80922e+04 0.00000e+00 0.00000e+00 7.31000e+00 3.03508e-01 1.02295e-02 2.00000e+00 2.00000e+00
1.81173e+04 0.00000e+00 0.00000e+00 7.31000e+00 2.64017e-01 9.82360e-03 2.00000e+00 2.00000e+00
1.79353e+04 0.00000e+00 0.00000e+00 9.15000e+00 3.26767e-01 2.51661e-02 2.00000e+00 2.00000e+00
1.79542e+04 0.00000e+00 0.00000e+00 9.15000e+00 2.95143e-01 2.54326e-02 2.00000e+00 2.00000e+00
1.79672e+04 0.00000e+00 0.00000e+00 9.15000e+00 4.34823e-01 2.55820e-02 2.00000e+00 2.00000e+00
1.79772e+04 0.00000e+00 0.00000e+00 9.15000e+00 3.31538e-01 2.54674e-02 2.00000e+00 2.00000e+00
1.79852e+04 0.00000e+00 0.00000e+00 9.15000e+00 3.81791e-01 2.53475e-02 2.00000e+00 2.00000e+00
1.79933e+04 0.00000e+00 0.00000e+00 9.15000e+00 4.56602e-01 2.55030e-02 2.00000e+00 2.00000e+00
1.79972e+04 0.00000e+00 0.00000e+00 9.15000e+00 5.13176e-01 2.55655e-02 2.00000e+00 2.00000e+00
1.79980e+04 0.00000e+00 0.00000e+00 9.15000e+00 4.79890e-01 2.54832e-02 2.00000e+00 2.00000e+00
1.79990e+04 0.00000e+00 0.00000e+00 9.15000e+00 5.32911e-01 2.55803e-02 2.00000e+00 2.00000e+00
1.79999e+04 0.00000e+00 0.00000e+00 9.15000e+00 4.49357e-01 2.56070e-02 2.00000e+00 2.00000e+00
1.80010e+04 0.00000e+00 0.00000e+00 9.15000e+00 4.50554e-01 2.54770e-02 2.00000e+00 2.00000e+00
1.80020e+04 0.00000e+00 0.00000e+00 9.15000e+00 4.80549e-01 2.54256e-02 2.00000e+00 2.00000e+00
1.80030e+04 0.00000e+00 0.00000e+00 9.15000e+00 4.06823e-01 2.55208e-02 2.00000e+00 2.00000e+00
1.80040e+04 0.00000e+00 0.00000e+00 9.15000e+00 4.60653e-01 2.55127e-02 2.00000e+00 2.00000e+00
1.80050e+04 0.00000e+00 0.00000e+00 9.15000e+00 4.41895e-01 2.54141e-02 2.00000e+00 2.00000e+00
1.80060e+04 0.00000e+00 0.00000e+00 9.15000e+00 3.83808e-01 2.55821e-02 2.00000e+00 2.00000e+00
1.80070e+04 0.00000e+00 0.00000e+00 9.15000e+00 4.90306e-01 2.57248e-02 2.00000e+00 2.00000e+00
1.80080e+04 0.00000e+00 0.00000e+00 9.15000e+00 4.27195e-01 2.57255e-02 2.00000e+00 2.00000e+00
1.80090e+04 0.00000e+00 0.00000e+00 9.15000e+00 4.95896e-01 2.55596e-02 2.00000e+00 2.00000e+00
1.80100e+04 0.00000e+00 0.00000e+00 9.15000e+00 4.07181e-01 2.57146e-02 2.00000e+00 2.00000e+00
1.80110e+04 0.00000e+00 0.00000e+00 9.15000e+00 5.18959e-01 2.56417e-02 2.00000e+00 2.00000e+00
1.80121e+04 0.00000e+00 0.00000e+00 9.15000e+00 4.76697e-01 2.58033e-02 2.00000e+00 2.00000e+00
1.80131e+04 0.00000e+00 0.00000e+00 9.15000e+00 5.84035e-01 2.55780e-02 2.00000e+00 2.00000e+00
1.80140e+04 0.00000e+00 0.00000e+00 9.15000e+00 4.69745e-01 2.55520e-02 2.00000e+00 2.00000e+00
1.80150e+04 0.00000e+00 0.00000e+00 9.15000e+00 4.93668e-01 2.55725e-02 2.00000e+00 2.00000e+00
1.80160e+04 0.00000e+00 0.00000e+00 9.15000e+00 4.56632e-01 2.55474e-02 2.00000e+00 2.00000e+00
1.80170e+04 0.00000e+00 0.00000e+00 9.15000e+00 5.03355e-01 2.52996e-02 2.00000e+00 2.00000e+00
1.80181e+04 0.00000e+00 0.00000e+00 9.15000e+00 4.28424e-01 2.52457e-02 2.00000e+00 2.00000e+00
1.80190e+04 0.00000e+00 0.00000e+00 9.15000e+00 4.27822e-01 2.54215e-02 2.00000e+00 2.00000e+00
1.80212e+04 0.00000e+00 0.00000e+00 9.15000e+00 4.27304e-01 2.52779e-02 2.00000e+00 2.00000e+00
1.80232e+04 0.00000e+00 0.00000e+00 9.15000e+00 5.41002e-01 2.55212e-02 2.00000e+00 2.00000e+00
1.80272e+04 0.00000e+00 0.00000e+00 9.15000e+00 3.90026e-01 2.59385e-02 2.00000e+00 2.00000e+00
1.80312e+04 0.00000e+00 0.00000e+00 9.15000e+00 4.95959e-01 2.59501e-02 2.00000e+00 2.00000e+00
1.80393e+04 0.00000e+00 0.00000e+00 9.15000e+00 5.00737e-01 2.61084e-02 2.00000e+00 2.00000e+00
1.80472e+04 0.00000e+00 0.00000e+00 9.15000e+00 4.70100e-01 2.59905e-02 2.00000e+00 2.00000e+00
1.80572e+04 0.00000e+00 0.00000e+00 9.15000e+00 4.58036e-01 2.64767e-02 2.00000e+00 2.00000e+00
1.80923e+04 0.00000e+00 0.00000e+00 9.15000e+00 3.36239e-01 2.64836e-02 2.00000e+00 2.00000e+00
1.81172e+04 0.00000e+00 0.00000e+00 9.15000e+00 4.68496e-01 2.67484e-02 2.00000e+00 2.00000e+00
1.79353e+04 0.00000e+00 0.00000e+00 1.03100e+01 1.45627e+00 3.94368e-02 2.00000e+00 2.00000e+00
1.79542e+04 0.00000e+00 0.00000e+00 1.03100e+01 1.45905e+00 3.93816e-02 2.00000e+00 2.00000e+00
1.79672e+04 0.00000e+00 0.00000e+00 1.03100e+01 1.57254e+00 3.94747e-02 2.00000e+00 2.00000e+00
1.79772e+04 0.00000e+00 0.00000e+00 1.03100e+01 1.45916e+00 3.95950e-02 2.00000e+00 2.00000e+00
1.79852e+04 0.00000e+00 0.00000e+00 1.03100e+01 1.48353e+00 3.95870e-02 2.00000e+00 2.00000e+00
1.79933e+04 0.00000e+00 0.00000e+00 1.03100e+01 1.54311e+00 3.95301e-02 2.00000e+00 2.00000e+00
1.79972e+04 0.00000e+00 0.00000e+00 1.03100e+01 1.47812e+00 3.92310e-02 2.00000e+00 2.00000e+00
1.79980e+04 0.00000e+00 0.00000e+00 1.03100e+01 1.59840e+00 3.92256e-02 2.00000e+00 2.00000e+00
1.79990e+04 0.00000e+00 0.00000e+00 1.03100e+01 1.49391e+00 3.91301e-02 2.00000e+00 2.00000e+00
1.79999e+04 0.00000e+00 0.00000e+00 1.03100e+01 1.52986e+00 3.90687e-02 2.00000e+00 2.00000e+00
1.80011e+04 0.00000e+00 0.00000e+00 1.03100e+01 1.60778e+00 3.92034e-02 2.00000e+00 2.00000e+00
1.80020e+04 0.00000e+00 0.00000e+00 1.03100e+01 1.55760e+00 3.92602e-02 2.00000e+00 2.00000e+00
1.80031e+04 0.00000e+00 0.00000e+00 1.03100e+01 1.47889e+00 3.93309e-02 2.00000e+00 2.00000e+00
1.80040e+04 0.00000e+00 0.00000e+00 1.03100e+01 1.52656e+00 3.95980e-02 2.00000e+00 2.00000e+00
1.80049e+04 0.00000e+00 0.00000e+00 1.03100e+01 1.50636e+00 3.96603e-02 2.00000e+00 2.00000e+00
1.80060e+04 0.00000e+00 0.00000e+00 1.03100e+01 1.64629e+00 3.98203e-02 2.00000e+00 2.00000e+00
1.80069e+04 0.00000e+00 0.00000e+00 1.03100e+01 1.50800e+00 3.97146e-02 2.00000e+00 2.00000e+00
1.80082e+04 0.00000e+00 0.00000e+00 1.03100e+01 1.52451e+00 3.98160e-02 2.00000e+00 2.00000e+00
1.80090e+04 0.00000e+00 0.00000e+00 1.03100e+01 1.49123e+00 3.97805e-02 2.00000e+00 2.00000e+00
1.80100e+04 0.00000e+00 0.00000e+00 1.03100e+01 1.53504e+00 3.97310e-02 2.00000e+00 2.00000e+00
1.80110e+04 0.00000e+00 0.00000e+00 1.03100e+01 1.64868e+00 4.00136e-02 2.00000e+00 2.00000e+00
1.80121e+04 0.00000e+00 0.00000e+00 1.03100e+01 1.55479e+00 3.99754e-02 2.00000e+00 2.00000e+00
1.80130e+04 0.00000e+00 0.00000e+00 1.03100e+01 1.55505e+00 4.02001e-02 2.00000e+00 2.00000e+00
1.80139e+04 0.00000e+00 0.00000e+00 1.03100e+01 1.54590e+00 4.03799e-02 2.00000e+00 2.00000e+00
1.80151e+04 0.00000e+00 0.00000e+00 1.03100e+01 1.57459e+00 3.97828e-02 2.00000e+00 2.00000e+00
1.80161e+04 0.00000e+00 0.00000e+00 1.03100e+01 1.53422e+00 4.00105e-02 2.00000e+00 2.00000e+00
1.80170e+04 0.00000e+00 0.00000e+00 1.03100e+01 1.57715e+00 4.01555e-02 2.00000e+00 2.00000e+00
1.80180e+04 0.00000e+00 0.00000e+00 1.03100e+01 1.55834e+00 4.00440e-02 2.00000e+00 2.00000e+00
1.80189e+04 0.00000e+00 0.00000e+00 1.03100e+01 1.49270e+00 4.01196e-02 2.00000e+00 2.00000e+00
1.80212e+04 0.00000e+00 0.00000e+00 1.03100e+01 1.63448e+00 4.03279e-02 2.00000e+00 2.00000e+00
1.80232e+04 0.00000e+00 0.00000e+00 1.03100e+01 1.59068e+00 4.00636e-02 2.00000e+00 2.00000e+00
1.80272e+04 0.00000e+00 0.00000e+00 1.03100e+01 1.58297e+00 4.02395e-02 2.00000e+00 2.00000e+00
1.80312e+04 0.00000e+00 0.00000e+00 1.03100e+01 1.41420e+00 4.01363e-02 2.00000e+00 2.00000e+00
1.80393e+04 0.00000e+00 0.00000e+00 1.03100e+01 1.49919e+00 4.04372e-02 2.00000e+00 2.00000e+00
1.80473e+04 0.00000e+00 0.00000e+00 1.03100e+01 1.55727e+00 4.06775e-02 2.00000e+00 2.00000e+00
1.80572e+04 0.00000e+00 0.00000e+00 1.03100e+01 1.63389e+00 4.09040e-02 2.00000e+00 2.00000e+00
1.80702e+04 0.00000e+00 0.00000e+00 1.03100e+01 1.60224e+00 4.11595e-02 2.00000e+00 2.00000e+00
1.80922e+04 0.00000e+00 0.00000e+00 1.03100e+01 1.47629e+00 4.13065e-02 2.00000e+00 2.00000e+00
1.81172e+04 0.00000e+00 0.00000e+00 1.03100e+01 1.63669e+00 4.15828e-02 2.00000e+00 2.00000e+00
1.79353e+04 0.00000e+00 0.00000e+00 1.11500e+01 8.59303e-02 1.18028e-02 2.00000e+00 2.00000e+00
1.79542e+04 0.00000e+00 0.00000e+00 1.11500e+01 7.22951e-02 1.16067e-02 2.00000e+00 2.00000e+00
1.79672e+04 0.00000e+00 0.00000e+00 1.11500e+01 7.51500e-02 1.15648e-02 2.00000e+00 2.00000e+00
1.79772e+04 0.00000e+00 0.00000e+00 1.11500e+01 9.01462e-02 1.16829e-02 2.00000e+00 2.00000e+00
1.79852e+04 0.00000e+00 0.00000e+00 1.11500e+01 1.00365e-01 1.17337e-02 2.00000e+00 2.00000e+00
1.79932e+04 0.00000e+00 0.00000e+00 1.11500e+01 9.08757e-02 1.17043e-02 2.00000e+00 2.00000e+00
1.79973e+04 0.00000e+00 0.00000e+00 1.11500e+01 5.42910e-02 1.17223e-02 2.00000e+00 2.00000e+00
1.79981e+04 0.00000e+00 0.00000e+00 1.11500e+01 8.32097e-02 1.17210e-02 2.00000e+00 2.00000e+00
1.79989e+04 0.00000e+00 0.00000e+00 1.11500e+01 8.08910e-02 1.17413e-02 2.00000e+00 2.00000e+00
1.79999e+04 0.00000e+00 0.00000e+00 1.11500e+01 9.71196e-02 1.17916e-02 2.00000e+00 2.00000e+00
1.80010e+04 0.00000e+00 0.00000e+00 1.11500e+01 9.17402e-02 1.16714e-02 2.00000e+00 2.00000e+00
1.80020e+04 0.00000e+00 0.00000e+00 1.11500e+01 8.52856e-02 1.16563e-02 2.00000e+00 2.00000e+00
1.80031e+04 0.00000e+00 0.00000e+00 1.11500e+01 8.66125e-02 1.17391e-02 2.00000e+00 2.00000e+00
1.80039e+04 0.00000e+00 0.00000e+00 1.11500e+01 8.92664e-02 1.17945e-02 2.00000e+00 2.00000e+00
1.80050e+04 0.00000e+00 0.00000e+00 1.11500e+01 9.91426e-02 1.18132e-02 2.00000e+00 2.00000e+00
1.80061e+04 0.00000e+00 0.00000e+00 1.11500e+01 6.86540e-02 1.17702e-02 2.00000e+00 2.00000e+00
1.80070e+04 0.00000e+00 0.00000e+00 1.11500e+01 6.29612e-02 1.16620e-02 2.00000e+00 2.00000e+00
1.80081e+04 0.00000e+00 0.00000e+00 1.11500e+01 9.20691e-02 1.18200e-02 2.00000e+00 2.00000e+00
1.80090e+04 0.00000e+00 0.00000e+00 1.11500e+01 9.68727e-02 1.16743e-02 2.00000e+00 2.00000e+00
1.80100e+04 0.00000e+00 0.00000e+00 1.11500e+01 8.44031e-02 1.17290e-02 2.00000e+00 2.00000e+00
1.80111e+04 0.00000e+00 0.00000e+00 1.11500e+01 7.48829e-02 1.17309e-02 2.00000e+00 2.00000e+00
1.80120e+04 0.00000e+00 0.00000e+00 1.11500e+01 8.93471e-02 1.17400e-02 2.00000e+00 2.00000e+00
1.80130e+04 0.00000e+00 0.00000e+00 1.11500e+01 4.49785e-02 1.18663e-02 2.00000e+00 2.00000e+00
1.80139e+04 0.00000e+00 0.00000e+00 1.11500e+01 7.56104e-02 1.17509e-02 2.00000e+00 2.00000e+00
1.80152e+04 0.00000e+00 0.00000e+00 1.11500e+01 9.20726e-02 1.18378e-02 2.00000e+00 2.00000e+00
1.80161e+04 0.00000e+00 0.00000e+00 1.11500e+01 9.72586e-02 1.17886e-02 2.00000e+00 2.00000e+00
1.80169e+04 0.00000e+00 0.00000e+00 1.11500e+01 8.73226e-02 1.18913e-02 2.00000e+00 2.00000e+00
1.80181e+04 0.00000e+00 0.00000e+00 1.11500e+01 9.15712e-02 1.18735e-02 2.00000e+00 2.00000e+00
1.80190e+04 0.00000e+00 0.00000e+00 1.11500e+01 7.06399e-02 1.17691e-02 2.00000e+00 2.00000e+00
1.80212e+04 0.00000e+00 0.00000e+00 1.11500e+01 1.00627e-01 1.18070e-02 2.00000e+00 2.00000e+00
1.80232e+04 0.00000e+00 0.00000e+00 1.11500e+01 1.19696e-01 1.18996e-02 2.00000e+00 2.00000e+00
1.80272e+04 0.00000e+00 0.00000e+00 1.11500e+01 8.45686e-02 1.18698e-02 2.00000e+00 2.00000e+00
1.80312e+04 0.00000e+00 0.00000e+00 1.11500e+01 5.79828e-02 1.17869e-02 2.00000e+00 2.00000e+00
1.80393e+04 0.00000e+00 0.00000e+00 1.11500e+01 8.12200e-02 1.19205e-02 2.00000e+00 2.00000e+00
1.80473e+04 0.00000e+00 0.00000e+00 1.11500e+01 1.03057e-01 1.19775e-02 2.00000e+00 2.00000e+00
1.80572e+04 0.00000e+00 0.00000e+00 1.11500e+01 6.86972e-02 1.21829e-02 2.00000e+00 2.00000e+00
1.80703e+04 0.00000e+00 0.00000e+00 1.11500e+01 7.46444e-02 1.20491e-02 2.00000e+00 2.00000e+00
1.80923e+04 0.00000e+00 0.00000e+00 1.11500e+01 7.56020e-02 1.21230e-02 2.00000e+00 2.00000e+00
1.81172e+04 0.00000e+00 0.00000e+00 1.11500e+01 7.45901e-02 1.21994e-02 2.00000e+00 2.00000e+00
